31991
29527
21877
23589
28310
31575
32103
27222
26598
29735
28486
27782
29815
27014
24614
25318
23637
23509
23829
20517
19508
21445
20388
20533
22085
19732
15923
18020
24117
34568
30455
20404
24469
29735
30167
31319
26934
25574
30935
29975
27526
28855
27622
24774
24533
23061
23333
23125
19700
19252
21605
20645
19124
21477
21237
14067
18180
29911
33864
27526
20981
24389
29255
31351
29303
25974
27222
29735
28134
28470
29239
26646
25238
23733
23349
24453
20741
19124
21829
21141
20036
21461
21509
17044
15459
23013
33640
30359
22693
22853
27830
31303
32439
28166
26150
28887
29175
27814
29367
27430
25078
25094
23029
23765
24213
19668
19348
21333
20517
20292
21301
18900
13667
17940
30295
34488
25158
19844
25830
30231
30583
29431
25030
26438
29879
28646
28022
29319
27254
24902
24437
22757
24117
21221
18788
20949
21397
19524
20997
22261
17316
16788
24245
30903
31815
24373
21749
28246
32167
31927
29287
27094
28759
30167
29159
28438
27606
25190
24838
24710
24886
22165
20997
22149
21589
21397
21189
22565
19828
14403
20677
29031
34952
28598
20693
25414
31431
32327
28807
26214
27334
29767
29255
28871
29511
27958
25878
23877
23957
25622
20116
19348
21813
20773
20324
22165
21749
15651
17284
24245
31591
30487
23301
21189
28310
33448
31847
27446
26374
26726
28070
28999
26886
26118
25702
23253
22325
24469
21285
18084
21077
20164
19908
21605
20821
17028
16195
22421
28390
33240
26582
19284
24453
31783
30551
27862
26422
25334
26566
28358
27782
26294
25030
23621
22341
23909
22181
18100
19620
19860
19396
20901
22037
18932
14643
21573
29287
33304
26662
20164
26038
31575
31303
28502
25222
25590
28919
27590
27478
28166
25398
24373
23813
23925
23445
19924
20372
21797
20565
21205
23221
20436
15491
22677
32647
35656
27702
21173
26630
32183
32808
30119
26054
26262
28566
29223
28903
28070
26118
24517
23381
24886
23525
19284
19828
21477
20613
21509
22453
20549
15891
20565
31047
37177
29175
19220
24966
30199
31543
30791
25990
24533
28871
28727
26694
28326
25830
22357
22869
21973
22981
20292
18052
19844
19364
19476
21765
21573
16468
17540
24165
31239
33016
25670
21701
27206
30919
30727
27686
23829
26534
28342
26310
27942
27990
23733
23349
22837
21685
23317
18676
17028
20805
20116
19508
23365
20452
14675
21397
27910
33656
31239
21173
21493
30727
33208
30823
27894
26838
28695
30407
29159
27734
26102
24069
22629
22773
24229
21221
19300
21413
21093
20885
22693
22101
18228
16452
25126
35576
35144
25206
22773
29095
33608
33768
28887
25670
29271
29719
27286
28134
27958
24662
23477
22581
23653
22197
18516
20324
21093
19268
21141
22117
18196
15635
21989
31639
36472
28438
20917
24758
30551
32711
30631
26054
25238
29383
29783
28326
28310
26726
22645
22565
21573
22901
19668
17716
20036
19892
19140
21941
21093
14755
17076
29431
36152
29767
21765
23653
29431
33352
31623
26086
25862
29191
27446
27542
28438
25014
23573
23509
20693
22581
21653
17348
18724
20068
19076
19124
21941
17460
14115
24117
36216
33768
23877
21365
28711
32792
34168
28582
24726
29527
29911
26934
29495
28118
23877
23541
21893
21749
22277
17956
18484
20533
19604
20485
21813
18500
15267
24389
33048
37785
24197
21813
29623
34360
33112
30439
26038
27174
30359
28342
28070
28823
25286
22853
23173
23685
21989
18804
18596
19508
19316
21141
22373
19268
14275
26518
37817
34872
24341
22277
29927
33944
33640
28406
25574
29687
30055
27206
28230
27718
24870
22533
21333
22437
21253
17012
17156
20084
18548
17508
20725
16916
13155
23669
37945
33784
22197
20757
28550
31911
33176
29703
24966
29127
29959
26822
27750
28582
23093
21909
21685
20821
21653
17092
16612
20068
17428
17892
23205
19540
11202
22245
35912
36056
25318
20885
26934
32231
33720
31383
25366
25942
30551
27606
27526
30199
25686
21557
22277
21093
21477
18020
17396
18724
18260
18820
21269
18468
12002
21861
37785
37353
26598
19924
26310
32599
33640
32263
25206
25542
31319
29351
27286
29159
26262
22757
22277
20436
21653
20757
16500
17300
19380
18980
19620
22117
17444
13603
27622
40986
30311
20757
23493
29895
32952
33480
29767
26534
30663
29191
27526
31031
27334
23237
23509
21733
23125
21461
17316
19044
19988
18756
20853
22053
15411
16388
33160
40713
30871
22101
24453
29367
31815
32776
27270
24726
31271
30039
27062
29895
28070
23973
24293
21861
21173
23589
17700
15827
21477
20404
18228
21605
18692
12451
22949
38377
34024
21637
20565
27862
31719
33208
29335
24918
29815
30679
27350
29143
29351
24630
22133
23157
21589
22869
19220
16211
20260
19220
17508
22805
20741
11938
17252
35480
39721
26358
20324
26950
31303
32327
32920
26134
25094
31191
28695
27334
30551
26566
23285
25398
22885
22437
22517
18116
18788
20757
19124
20052
21781
15107
14147
29479
40745
28422
20324
26118
29479
30887
32968
25798
23669
30487
29927
28166
30119
27046
24373
25078
21925
21525
22981
17028
17860
21557
18052
19348
22661
17780
11298
26902
40601
29175
19892
22645
27254
30935
32904
29175
25190
29591
30119
28070
28887
28102
24614
23877
22501
22245
22629
19524
18404
19860
20404
19924
21685
19828
12563
22437
39401
33672
21109
22053
28102
30903
32391
31239
25702
27254
31831
28054
28150
29831
25254
24437
25222
21941
23685
21525
18228
19812
21829
19588
20837
20292
13299
21397
40777
32711
18548
21397
28727
28262
31079
30055
24517
26918
31255
26662
28278
29591
25110
24133
24726
21461
23749
22469
18036
20356
20517
19124
22181
21109
13907
22149
36744
32904
19588
21333
27222
28326
31015
31015
24229
26422
30887
26582
26966
29095
24069
23845
25254
22213
23077
22197
18548
20581
21621
18452
20741
21653
14643
23045
37641
30711
18388
22693
28999
27734
30775
29111
24774
30487
30503
25334
29415
29127
23941
24197
24614
22165
24357
20805
18884
21413
21461
19124
21941
20725
13235
27670
40713
28582
18980
24774
27942
28470
30519
26630
24277
29015
30151
25686
28550
29495
24181
23989
24357
21333
23461
21525
17684
21061
20068
19012
22165
20292
13443
29383
40281
25398
20581
27302
26790
29399
31255
25430
24950
30279
29255
26326
29847
27622
24726
25238
22437
21989
24133
19540
18756
22117
21317
18644
21861
21061
12979
29415
40585
24133
19508
27638
27334
28967
31207
25350
24806
29399
27974
26214
29687
26774
23877
24822
22277
22309
23445
19556
19172
21109
19252
20420
22325
17748
15059
33080
36680
21525
21813
27990
27718
30455
31447
24870
29063
29783
26454
28566
28582
24838
24149
24037
21413
24614
21221
18372
21445
20773
19300
22533
21733
14563
26518
39305
27750
20741
26118
27318
28791
31575
26294
26086
29959
28903
27062
30247
28342
25046
24982
23125
22965
23541
20757
19252
22277
20036
19348
22085
20148
14643
31239
38857
23749
21509
26246
28646
30279
31175
25574
27910
30567
26246
27830
29575
25222
23653
24245
21365
23285
21781
18276
19780
20292
19124
20452
20709
16019
18820
33512
32968
20757
21509
28566
28166
29943
29095
24870
26518
29143
25846
27494
29639
25302
23285
23909
22149
23845
22293
18196
19572
21381
19636
20597
21109
17252
16291
30295
37641
24902
21509
27334
28999
30167
30855
26166
25878
30087
28935
27766
30087
27638
25222
25366
23557
23685
23125
19220
19924
21749
20196
20981
23077
20597
16083
22421
32055
33512
24277
21893
28038
29847
31351
30567
25974
27558
30167
27606
28502
28502
25542
24133
24085
23237
24501
20372
18436
20709
20853
20148
21269
19524
16243
20308
31847
34408
24213
19956
27542
29431
29127
30055
25878
24822
29895
29079
27398
29063
27014
24101
24614
22789
23989
22485
18740
19780
21205
20741
21013
20789
18084
16916
22869
32904
30727
22693
22117
28871
30423
31319
29399
26438
27286
30615
28326
27670
28182
25622
24341
23941
23765
23621
19828
19492
21621
20244
19796
21381
19988
15907
19236
27414
34952
27366
20212
23573
28102
29831
30263
25398
24341
30247
29159
26694
28566
27286
24774
24742
22021
22869
24021
18468
18660
22773
20468
19780
21413
18644
15827
22773
31975
30839
23029
21157
28502
31127
29607
27782
26374
27302
30855
28598
27078
28887
26918
24614
24389
23877
24021
20885
20228
21781
20468
20581
22133
19988
16580
19332
25798
35128
29031
20276
24806
29831
29911
31239
26390
24758
31463
30535
26246
28679
28743
25398
24501
22997
23173
23845
19460
19316
21829
20581
20116
22053
18932
15059
20260
28150
33672
26310
19396
24437
29991
29879
28422
26006
25254
29607
29031
26582
28518
27126
24421
24133
23253
24165
21781
18932
20533
21445
21029
20773
21765
17524
16163
24149
32279
31495
23061
22965
28534
31031
31543
28326
26070
28743
30023
28887
28759
28598
26774
25190
24149
24950
25078
20148
20709
22549
21349
21205
22165
20356
16243
19172
23285
32167
31687
21317
22149
29351
30359
30871
27702
24902
28454
30151
27094
28358
28230
24934
24614
23445
23717
23237
19444
19572
21941
20036
20276
21733
18084
15059
20132
25046
30743
29367
20180
22293
29511
31287
29383
27590
25366
28871
30503
27110
27942
27958
25270
24149
23973
24630
22453
19764
21317
21845
21221
21253
21237
18644
15875
20853
29879
34392
25478
19156
26198
31671
30823
29607
26534
25414
30391
30087
26230
29095
28358
24293
24309
24790
24165
21301
20485
21221
20549
21397
21557
20485
17540
16804
22917
33144
30887
20292
22117
28743
31751
30679
26694
24870
29527
29399
26790
28839
27478
24758
24229
23253
24357
23573
20565
19284
20981
22213
21237
21093
18516
15843
21701
31351
33832
26054
19044
26022
31607
29959
29047
26326
24806
30407
30279
27382
28887
27462
24630
24598
23845
23669
21749
20452
19796
21621
22117
22277
20180
16596
21205
28070
36744
28662
18628
23253
30647
32007
30791
26294
25046
30903
29751
26230
29175
28118
24389
24117
23621
23813
23909
19700
19492
22229
20821
20501
21541
18868
14211
22181
32663
33400
25174
20212
25942
30103
29943
27910
24678
25590
28679
26582
26854
27958
25606
24085
23413
23365
23173
19428
19412
21045
18836
19908
23029
19252
14067
18980
28919
35592
28390
20100
22229
30087
31671
29143
25574
25990
30215
28582
27494
29447
26774
24229
24245
22645
24854
22245
18580
21061
23109
19796
22485
22629
17492
16900
23557
32279
34424
25350
20933
28278
32455
32135
28166
25078
28198
28999
27622
27766
28054
25430
24630
22965
22773
24405
19524
18116
21509
20276
19460
23013
19396
14675
19364
30151
36953
28038
18596
26022
31383
29975
30791
25974
23557
30983
29751
26278
28839
26502
23029
24373
22773
23109
20180
19684
20709
20052
20949
22021
20821
16788
16355
23557
33992
34088
25414
19956
28887
33096
31239
29655
24870
27190
30519
26918
27670
29495
26118
23781
23989
23125
24005
19396
18756
21957
19508
19764
22453
19428
14147
20677
29463
37609
28342
18580
24742
31303
30055
30791
25590
23605
31079
29687
26374
29351
26854
22581
23413
22389
22741
21509
17716
19444
21765
20132
20276
20933
18836
15267
21733
32824
36488
26214
20228
28454
32856
31623
29495
24181
25958
31911
28054
26982
30183
27158
23925
24181
23237
24678
20885
18404
21013
20388
21333
22101
20789
15331
17860
27686
37705
31239
20404
24405
30999
31703
32856
27206
23445
30631
31543
26582
28326
27798
23893
24165
21813
22533
22693
18676
18740
20436
19924
21701
21413
16019
14547
23813
35112
32727
20837
20356
28919
32824
30951
28983
24886
25654
30375
27766
26406
28262
25254
22501
22581
23077
22821
18996
17876
20533
19156
19060
22565
19860
13075
20468
31959
37337
30311
19780
24582
31495
31463
32023
27526
24149
30615
30551
27702
29031
27206
23237
23141
22917
23989
20981
18772
20597
21125
20180
21237
21125
16195
17316
24582
35240
34392
24437
20773
29495
33576
32119
28374
23589
26838
31399
26758
26726
28759
25734
23685
23669
22581
23493
19524
17652
20501
19812
19828
22997
20036
14867
21509
24453
35896
33752
19620
22213
32295
30535
31351
29687
24357
28374
31543
26998
27494
27494
24277
23045
22517
23317
21381
18212
20196
21397
19620
20260
21797
18436
15283
22965
29191
36873
33160
18372
24501
33768
30759
29943
27030
24421
31047
30183
25974
29127
27270
22437
23189
22405
22965
20709
17428
19860
20869
19396
20757
21461
15971
15091
22933
30231
36568
26934
19188
28262
34056
30535
30119
25526
23957
31031
29479
25526
27958
25734
21669
22245
23125
21493
16740
18212
19284
18292
19380
22821
17764
13283
22677
28518
37113
31079
18692
23397
32503
31111
31271
28102
22741
30775
32439
26758
28198
28278
24405
23557
22549
23813
21413
18116
19892
21349
19860
20821
20981
18788
14531
21077
31271
39913
29751
18932
26950
34392
30903
31751
26278
23893
33160
31079
26294
29751
27398
23493
23333
23093
22389
19028
19188
19780
19620
20244
22789
19764
14627
18676
22549
34616
37817
23461
21189
32375
33352
32279
29815
25446
27974
31591
27030
26934
28134
24245
22965
23029
23189
20517
17828
19572
18436
19188
22389
20052
16724
17156
22213
23893
36937
34600
18724
23365
34552
31607
30263
24710
31127
29399
25430
28983
28406
22597
22789
23749
21701
17796
18660
20100
19636
20212
21045
19588
15667
17700
21877
34328
36600
21237
20789
30695
33512
32327
29991
23813
29511
33176
27654
27574
28262
24646
22805
22101
23573
19684
17348
19604
19204
18804
21205
20292
16660
15315
21637
26758
36712
34744
19028
23573
33768
31351
30855
28662
23957
31879
33240
25542
27174
29783
23125
22101
23333
23205
19044
17716
19172
20132
20036
20725
18932
16740
18052
23509
26566
38393
29351
20661
31479
34536
28935
30807
27510
24133
29799
30247
26150
27222
27142
22469
22245
23845
19604
16900
19668
19380
18740
21781
21637
14627
19828
20741
30023
39929
24309
19044
33352
33000
30279
29751
24245
27254
32103
25926
25430
29911
24453
21493
23717
23637
19444
17764
18228
20212
19300
19860
20597
18756
15731
22661
25958
36905
33480
20180
25030
33544
31927
31463
29367
25366
30711
31623
26582
27798
28022
23909
22613
24678
22741
18468
19636
20356
19764
20004
22901
20805
14915
20597
23765
33624
40073
25238
18420
32615
36008
31575
29367
27334
26854
31111
28374
26614
28855
25574
22357
22773
24357
20949
18628
19428
17332
19252
22357
19092
15907
15219
19620
26214
40457
29543
14483
25382
33848
28518
31623
29511
20821
30167
31111
24742
28871
27526
22085
23333
23445
21893
19204
18068
17556
19620
21253
20805
19076
15347
17172
22517
33896
37289
22917
19460
30327
34088
30327
31383
25046
24934
31607
28727
25734
29127
24822
22709
23909
24373
21893
17588
19140
19972
19300
21445
22661
17268
14147
21221
29655
39689
32471
17092
24549
34104
31239
31543
28246
24950
30375
32279
27814
28951
29591
24133
23541
24357
23733
21893
18340
19892
20997
19588
20885
21845
17268
15411
22293
36504
36296
22245
19988
29543
33448
31623
31319
24886
25366
32311
30327
26630
28775
26150
22117
23781
22517
22213
19156
17860
19300
19268
19588
20501
20052
15475
16884
26662
37305
32183
18548
21125
30135
31991
31623
28054
24229
28358
30983
28230
26678
28230
24758
22677
23509
22021
23317
19828
17460
18868
19908
21525
20100
16740
15379
21333
31639
37945
25990
18228
27878
32551
30295
31383
25526
23973
32423
31143
26662
29511
27702
23845
24998
22853
23333
20917
18180
19636
21637
19092
19924
21573
17380
14515
23733
40393
33448
20228
23173
31127
31431
32359
27350
23717
29559
31127
27798
28102
29063
25414
24037
23621
23093
24325
19348
18404
20965
20661
19972
21349
20901
15667
19188
29223
37705
28534
17876
25574
31927
29751
29879
27046
23893
29591
30023
26566
28390
26662
23301
23989
22085
23749
21013
17428
19668
19668
20597
20981
18916
16996
18484
23221
36312
33608
20068
21557
30231
31479
29207
29447
24902
25126
31207
28598
26006
27990
25814
23045
23269
22901
22373
19380
19188
19828
20228
20212
20933
19988
15939
18468
27398
39193
28903
17220
25190
31719
29255
31143
29335
23637
29335
32695
27238
28582
28342
24485
24037
23685
23077
23397
20116
19140
21653
20485
21093
20869
17572
15187
23685
36632
35352
22885
21589
29447
33736
31607
29959
26422
27606
31319
29191
28006
29335
25382
23509
23861
22693
23397
18676
18724
20853
19124
20148
22069
18708
13523
20533
35432
37289
24133
18708
28006
32199
30503
30535
25638
24421
30807
29031
27030
29671
25510
22293
23861
21717
22581
19284
16484
18052
20613
20036
18932
19476
16003
17860
30551
38953
25574
17156
26054
30903
29559
32023
27830
23109
30375
30823
26422
28022
26566
21845
23317
21493
22069
19908
18228
18164
19380
20404
20308
20565
15491
15011
27222
39465
32311
19604
23461
32167
34296
31687
28935
25382
29031
32183
28646
27606
29863
24998
23733
24582
23141
23829
19780
17716
21429
19988
21077
22421
18084
14227
20885
33416
39081
29159
18580
26790
34424
30423
31975
27366
23093
31031
31271
26038
28903
27126
22805
24245
22501
22501
20965
18212
18388
19460
20148
20324
20356
15907
15059
22053
36344
34632
20901
19444
29863
32952
31191
29831
23733
25590
32631
30167
25942
28230
25510
23349
23013
22245
23093
17908
18212
20132
19364
20981
21541
19124
14723
19940
29975
39001
30375
18740
23525
32359
31655
30599
28246
24373
29335
32471
28454
27158
28791
24453
23813
23573
23237
22149
17796
18932
21909
21253
19812
21637
18580
15043
20821
31047
38009
29063
19060
26502
31575
30311
31079
26870
23285
30007
32904
26982
27654
27622
23749
24053
22517
22821
20501
17108
19748
21781
19908
19908
21013
17876
15859
22165
35128
35944
24309
19428
30183
34040
30871
31031
26262
24325
33560
29895
26342
29751
27302
23205
24373
23157
22837
19476
18516
19812
20533
20452
21349
19860
14163
19620
24053
33496
34120
21637
20581
31063
33640
30007
29591
24710
27030
31719
27606
26054
27718
25430
22901
23093
23301
21685
18084
19220
19844
18948
20260
20933
18644
14627
18708
23733
35464
33784
19140
21925
30695
32183
31143
29831
23797
28262
33000
27862
25974
28727
24934
22773
23589
23781
22629
18628
18388
20997
20324
20068
22101
17844
15139
22245
24021
35192
35384
20533
23685
33880
31799
32679
29543
22869
30007
33144
26742
26950
28951
24405
23221
24982
24533
18772
18260
20901
20436
20180
21909
21413
17540
17140
22901
24646
36648
33272
17876
23333
34072
30903
30455
28614
22581
30839
33432
25686
28278
29127
23493
22805
24101
22229
20068
18804
18836
19636
20821
20308
19428
16548
18644
21173
30023
36744
25446
19316
30583
33976
31543
29591
26950
26790
31335
29191
26934
28054
26246
23013
23125
25622
22933
16708
19204
20757
19892
21045
21253
16596
15283
23237
24453
35080
34776
18276
23493
33352
31207
29719
29511
23189
29351
32952
26166
27446
28935
22821
22389
23797
23269
19796
18628
20260
19236
20789
21381
19940
17748
16468
21413
21285
36488
36616
19956
21957
33240
30695
29671
29351
22821
28791
32711
25478
27094
28823
23909
22293
24630
24021
18212
18052
21525
19972
20773
21909
18932
16676
18900
22309
22165
37641
35064
20180
24165
34344
31671
30471
28214
23845
29703
32103
26934
27494
28999
23973
22261
