25094
21765
39817
37097
24037
27318
32776
24710
22821
22821
9122
11266
17268
15027
11554
11378
10098
9106
10850
10658
9090
10194
10786
9154
12371
17124
20116
23381
24213
26918
31815
31991
33416
37353
40921
40329
39945
37305
34312
30759
28967
26790
25126
24742
23621
22997
22869
21989
22021
21349
20308
20485
19092
18404
18676
18212
19252
19812
20452
22005
22357
23781
24950
25750
27030
27062
27718
28294
28566
30919
32519
33336
33032
30551
28342
26454
24646
24213
23573
23333
23733
23333
23445
23317
22885
23413
23445
23973
25430
26086
27142
28070
27670
27878
27606
27126
27398
26886
26630
26118
25286
25302
24630
24822
25350
25222
26054
26742
26886
27542
27334
27318
27030
26182
25894
24854
23861
23269
21829
22197
21765
21381
21989
21925
22629
23669
24181
25494
25830
26358
25958
25270
24966
23765
23317
22805
22037
22021
21605
21477
21621
21429
21909
22133
22053
22581
22197
21925
21925
20917
20517
19716
18548
18484
18340
19524
21605
23045
25382
27334
28582
30503
31191
31911
32407
31959
31239
30039
28839
27718
26086
25478
25126
24101
24037
23557
22805
22789
22389
22341
22293
21829
21701
21093
21189
21653
21749
22965
23829
24726
26246
27030
28070
28903
29255
29767
29783
29479
29175
28054
27286
26694
25862
25670
25430
25254
25446
25286
25606
25910
25862
26326
26134
25750
25734
25014
24678
24341
24165
24549
24582
24950
25510
25414
26470
27062
27462
28214
28326
28214
28022
27670
27526
26838
26678
26582
25830
25958
25958
25446
25782
25750
25718
25846
25638
25702
25174
24934
24694
23893
23973
23685
23237
23381
23205
23093
23461
23317
23669
23685
23717
23717
23365
23445
23317
22709
22997
22981
22805
23189
23061
23093
23285
23349
23749
23653
23061
22837
21829
21029
20212
19172
18388
17348
17348
17572
18788
21269
23253
25430
28070
29639
31255
32743
33224
33192
32583
31671
30183
28711
27542
25622
24710
24229
23477
23125
23317
22517
22181
22261
22053
21893
21813
21493
21333
21141
21493
21701
22549
23637
24421
25606
26886
27398
28662
29255
29479
29735
29399
29159
28310
27398
26838
25942
25494
25398
25062
25158
25078
25014
25382
25238
25334
25430
25078
25014
24517
24101
24085
23957
24133
24582
24790
25334
25862
26198
26886
27190
27670
28038
27830
27718
27350
26662
26710
26230
26086
25894
25574
25910
25702
25766
26038
25878
26070
25814
25398
25142
24485
24069
23589
23141
22997
22661
22661
22709
22613
23077
23333
23637
24101
23797
23957
23781
23349
23381
23029
22997
22885
22597
22773
22773
22565
22853
22965
23125
23317
23013
22693
21989
21141
20565
19700
18980
18404
17332
17364
17572
19204
21525
23605
25974
27798
29127
30823
31943
32407
32711
32391
31303
30167
28743
27174
25766
25174
24405
23685
23669
23109
22245
22101
21797
21605
21717
21557
21173
20917
20949
21125
21717
22997
23893
24854
26342
27110
27718
28887
29239
29591
29655
29591
29031
28182
27446
26646
25862
25670
25254
24950
25110
24918
24998
25094
25142
25366
25078
24806
24646
24101
23909
23781
23989
24213
24630
25238
25590
25974
26822
27030
27574
28166
28070
28118
27878
27270
26870
26566
26294
25942
25750
25686
25398
25286
25494
25350
25414
25398
25110
24918
24469
24117
23765
23365
23269
23093
23077
22869
22869
22997
23093
23477
23797
23765
23989
23717
23445
23493
23237
23125
23285
23205
23173
23141
22949
22821
22693
22837
22789
22501
22149
21269
20517
19940
19348
19028
18724
18228
18148
18228
19300
21253
23477
25846
27830
29479
30903
31831
32519
32631
32487
32007
30855
29287
28054
26278
25238
24341
23685
23141
22933
22117
21333
21173
21109
21221
21525
21413
21477
21589
22005
22437
23349
24245
25238
26406
27094
27990
28566
28951
28614
29543
29559
29319
28646
27766
26998
26182
25878
25510
25414
25350
24950
24822
24806
24790
24966
24998
24822
24742
24582
24405
24197
24469
24838
25094
25558
26118
26278
26758
27174
27574
28022
28102
28102
27638
27110
26806
26182
26070
25846
25494
25334
25110
24918
24918
24998
25062
25174
25078
24950
24517
24149
23877
23525
23541
23205
23301
23269
23157
22997
23141
23349
23573
23765
23797
23733
23397
23189
22885
22805
22997
23093
22949
22885
22869
22725
22805
22757
22805
22549
22325
21845
21189
20629
19908
19172
18564
18004
17956
18308
19316
21173
23109
25174
27622
29191
30791
32023
32391
32695
32487
31543
30247
28807
27510
25814
24822
23669
23205
23013
22693
22101
21701
21733
21541
21557
21669
21685
21557
21733
22005
22373
23397
24517
25270
26326
27238
27894
28695
29271
29511
29559
29399
28999
28134
27574
26758
26022
25606
25382
25078
24982
24646
24758
24678
24822
25030
24870
24966
24870
24646
24485
24630
24726
24902
25206
25606
25926
26390
26822
27142
27158
27734
27734
27686
27366
26966
26614
26182
26022
25830
25542
25382
25350
25270
25222
25206
25222
25238
24854
25030
24774
24325
24133
23781
23685
23733
23557
23541
23509
23413
23285
23365
23301
23333
23077
22949
22725
22565
22533
22565
22597
22757
22885
22981
23157
23333
23637
23685
23749
23701
23317
22709
21653
21029
20292
19284
18388
17524
16964
17044
17636
19428
21829
24133
26310
28374
29943
31287
32327
32984
32904
32343
31303
29911
28438
27238
25878
25014
24309
23829
23349
23029
22533
22197
22117
21893
21797
21637
21349
20933
21045
21333
21941
23045
23925
24966
26054
27110
27926
28630
29351
29751
29831
29559
29047
28326
27462
26790
26198
25750
25654
25478
25398
25334
25382
25478
25558
25430
25478
25270
24902
24614
24325
24101
23221
24790
25094
25558
26086
26534
26950
27510
27958
28246
28086
28326
27734
27414
27014
26438
26342
26198
25958
25878
25830
25606
25558
25654
25654
25462
25350
25046
24517
24101
23925
23589
23493
23477
23349
23301
23301
23109
23557
23733
23893
23909
23909
23893
23669
23445
23317
23125
23173
23061
22997
23045
23045
23077
23189
23221
23125
23093
22821
22261
21669
20789
20068
19380
18740
17908
17652
17812
18900
20725
23045
25430
27846
29351
31015
32295
33064
33240
33048
31991
30631
29447
28118
26598
25446
24501
23909
23397
23109
22453
21925
21893
21685
21605
21701
21509
21349
21381
21573
22101
23125
23989
24950
26086
27238
27958
28999
29639
30215
30039
30087
29559
28855
28134
27222
26550
26278
25718
25382
25302
25238
25190
25334
25382
25286
25254
25030
24886
24630
24437
24325
24421
24758
25158
25702
26086
26710
27270
27622
28006
28326
28406
28310
28022
27478
27078
26790
26326
26006
25958
25542
25590
25430
25494
25510
25382
25094
25062
24598
24133
23877
23605
23333
23125
23285
23093
23109
23381
23541
23669
23941
23989
23733
23893
23845
23477
23317
23157
22741
22533
22533
22261
22133
22501
22629
22677
22837
22533
21797
21477
20821
19860
19236
18564
17732
17412
17860
19044
20709
23173
25750
27910
29767
31479
32776
33560
33592
33400
32295
30775
29239
27398
25974
24726
23765
23029
22581
22293
21941
21701
21877
21845
22021
22069
21781
21589
21701
21525
22085
22981
23893
24726
26038
27238
28054
28983
29703
30167
30375
30263
29735
28999
28166
27238
26342
25766
25430
24886
24838
24710
24758
24742
25238
25302
25382
25318
25158
24966
24694
24582
24245
24533
24886
25270
25526
26230
26614
26742
27414
27958
27958
27990
27846
27286
26806
26710
26166
25718
25686
25478
25190
25430
25494
25302
25766
25862
25718
25766
25526
25046
24646
24357
23765
23509
23365
22965
22757
22725
22629
22565
22565
22837
22773
22677
22757
22597
22565
22549
22581
22549
22837
23093
23141
23173
23429
23461
23253
23205
22805
22085
21317
20468
19284
18484
17700
16884
16900
17652
19076
21221
23541
26150
28230
30023
31559
32888
33240
33608
32984
31735
30375
28887
27462
26070
25078
24133
23461
23109
22629
22197
21877
21813
21589
21493
21317
21141
20805
20853
21045
21557
22533
23461
24293
25702
26950
27958
28919
29639
30103
30295
30199
29655
28919
28230
27238
26534
25958
25526
25222
25094
25014
25046
25158
25270
25286
25158
25046
24838
24501
24293
24229
24181
24341
24726
25190
25462
25958
26582
27046
27414
27702
27510
27638
27302
26902
26422
26022
25718
25590
25558
25446
25542
25702
25750
25814
25990
25862
25606
25542
25078
24678
24293
23845
23429
23189
23061
22773
22741
22693
22517
22741
22917
22965
22821
22853
22645
22501
22181
22309
22277
22309
22405
22709
23061
23285
23509
23509
23477
23157
22981
22213
21205
20420
19412
18324
16980
16532
16019
16339
18164
20485
22709
25478
28022
29607
31287
32776
33576
33688
33272
31783
30231
28871
27174
25798
24838
24037
23237
22965
22325
21957
21861
21701
21589
21637
21477
20853
20517
20709
20789
21429
22629
23813
24806
26150
27142
28358
29335
30087
30327
30343
29911
29287
28262
27350
26582
25990
25638
25366
25078
24870
25142
25206
25334
25478
25302
25126
24838
24582
24037
23909
23845
23877
24133
24742
25254
25670
26150
26742
27094
27558
27798
27798
27702
27478
26934
26518
26310
26134
25894
25974
25990
25878
26022
26246
26214
26278
26310
25894
25398
25142
24405
23701
23493
23157
22741
22789
22757
22469
22805
23093
23045
23301
23301
23045
22901
22629
22453
22181
22149
21909
21749
22117
22405
22693
23029
23381
23365
23285
22757
22485
21813
20869
19940
18836
17668
16820
16500
16532
17892
19988
22373
24790
27286
29111
30711
32407
33464
33592
33464
32487
30615
28951
27446
25734
24982
24197
23509
23029
22933
22357
21909
22005
21877
21733
21893
21589
20981
20709
20965
21205
22357
23413
24517
25638
26854
27798
28695
29511
30071
30375
30215
29607
28807
27766
26854
26198
25782
25542
25430
25110
24998
25110
25238
25574
25846
25654
25206
24822
24598
24165
24165
24277
24325
24678
25350
25654
26022
26358
27158
27526
27990
28102
27878
27702
27302
26758
26646
26470
26262
26166
26166
25942
26102
26278
26214
26406
26342
26038
25638
25350
24726
24213
23877
23301
23173
22981
22789
22533
22485
22853
23045
23221
23285
23237
23173
23157
22981
23157
23141
23077
22997
22965
22917
22965
22965
22853
23061
22949
22485
22133
21461
20565
19940
19204
18052
17492
17044
16836
17220
18964
21477
23957
26854
29063
30935
32599
33848
34264
34312
33832
32199
30615
28871
27222
25462
24710
23685
23013
22661
22149
21365
21493
21461
21333
21525
21685
21205
20981
21221
21477
22181
23525
24549
25734
27014
27942
28951
29863
30359
30647
30807
30407
29655
28839
27670
26870
26294
25878
25494
25254
25046
24918
24918
25190
25414
25622
25414
25158
25046
24710
24405
24582
24758
25110
25638
26086
26358
26806
27206
27414
27894
28278
28070
27718
27446
26982
26422
26134
26230
26022
25814
26006
25862
26038
26246
26214
26198
26294
25974
25462
25174
24517
24101
23685
23701
23205
23093
22933
22645
22869
22917
22853
22949
23029
22629
22837
23221
22853
22981
22869
22933
22805
22901
22853
22821
23221
23205
23093
22837
22389
21637
20821
20196
19476
18676
17780
17108
16740
16948
18660
20949
23253
25766
28294
30103
31703
33272
34120
34232
34152
32888
31223
29639
27702
26086
25110
24181
23349
23109
22437
21669
21493
21445
21269
21429
21525
21045
20917
20997
21045
21845
23077
24213
25542
26902
27878
28823
29703
30359
30775
30887
30551
29799
28871
27878
26982
26342
25942
25686
25414
25062
24854
24918
25094
25318
25494
25286
25206
24950
24646
24678
24582
24533
24806
25606
25798
26102
26662
26742
27174
27926
28086
28038
28086
27430
26502
26838
26694
26406
26518
26630
26246
26182
26342
26182
26230
26454
26342
25878
25766
25286
24245
24053
23893
23413
23381
23349
22725
22357
22325
22261
22293
22565
22885
22709
22757
22693
22597
22805
23093
23045
22997
23413
23237
23013
23285
23157
22869
23029
22805
21989
21349
20420
19188
18500
17844
17044
16548
16596
16964
18692
21333
23733
26182
28839
30983
32279
33720
34280
34456
33992
32711
31239
29639
27958
26118
24838
23893
23141
22981
22501
21829
21461
21301
21077
21237
21285
20917
20645
20821
20869
21717
22917
24021
25158
26662
27814
28823
29911
30423
30791
31063
30663
29991
29031
27670
26854
26246
25862
25526
25222
25094
24902
24934
24886
25062
25190
25190
24998
24726
24277
24389
24421
24774
25158
25622
26086
26630
26870
27174
27462
27798
28070
27990
27798
27190
26454
26182
26070
25942
26054
26006
25894
25798
25878
25862
25990
26022
25990
25686
25286
24726
24245
23957
23733
23525
23381
23221
22837
22533
22405
22421
22629
22821
22821
22533
22229
21957
21893
22085
22149
22485
22485
22501
22485
22629
22853
23141
23317
23269
22741
22053
21125
20228
18996
18212
17044
16259
15859
16067
17636
19956
22821
25734
28486
30535
32343
33880
34760
34616
34456
33304
31271
29735
27942
26054
24726
23717
22933
22389
22485
22149
21653
21605
21445
21157
21157
21093
20533
20340
20565
20821
21717
23109
24405
25654
27174
28214
29335
30151
30615
30791
30647
30199
29335
28406
27286
26310
25542
25030
24982
24870
24918
24966
25078
25158
25398
25302
25158
24966
24630
24165
24053
25846
26358
26726
27126
27462
27766
27686
27702
27430
26726
26374
26086
25654
25510
25718
25798
25782
25782
25798
25798
25862
25830
25670
25382
24998
24341
23957
23605
23333
23125
23141
22885
22677
22533
22437
22453
22501
22549
22485
22181
22213
22037
22037
21989
22005
22597
22549
22869
22885
22933
22821
22885
23013
22709
22357
21781
20869
19988
19284
18340
17460
16900
16211
15859
16195
17540
19412
22181
24982
27430
29607
31703
32856
33736
34408
34376
33736
32471
30695
28711
27334
25894
24630
23813
23093
22709
22117
21397
20821
20629
20340
20436
20372
19972
19828
20100
20420
21477
22741
24069
25286
26918
27958
28935
29703
30215
30375
30503
30391
29767
28887
27862
26918
26214
25878
25670
25446
25286
25094
24854
24742
24902
24950
24790
24485
24229
23605
23685
23861
24293
24758
25574
25878
26214
26726
27174
27238
27798
28182
27942
27638
27158
26454
26182
25990
25734
25750
25638
25158
24918
24453
23637
22629
19556
20757
26966
29767
22325
13651
16596
25814
22005
19012
19860
13555
16836
25190
23061
20036
23637
23205
23253
27830
29959
29687
31127
31383
29607
28662
26454
22981
21909
19828
19556
22437
21157
18116
18900
18340
17540
17796
16099
15331
15395
15123
16019
17604
20180
22821
25654
28406
29159
30663
32071
32231
33352
33080
32231
32087
31527
31015
30743
30215
30375
29271
28326
27654
25238
23637
22661
20837
20436
19428
18340
17892
17732
18260
18884
20068
22053
23429
25926
28262
29895
32119
33160
33272
33672
33048
31815
30311
28326
27302
25638
24886
24598
23781
23925
24069
23765
24501
24854
25526
26294
26358
26662
26870
26294
26230
25894
25750
26230
25766
26086
26214
26166
26774
27046
27798
28390
28438
28727
28470
28294
28566
28022
28070
27814
27222
26918
26070
25798
25846
24982
25046
24277
23701
23461
22885
22661
22581
22565
23093
23205
23605
23637
23317
23797
23941
23653
23941
23525
22981
22917
22309
22117
21989
21781
21845
21589
21765
22165
21925
22437
22821
22757
23125
22533
21733
20837
19460
18372
17204
16724
16852
17396
19668
22133
24774
27910
29895
31895
34312
35288
35576
35400
34552
32824
30743
29415
27366
25270
24309
22805
21797
22165
21509
21093
21461
21317
21333
21445
21493
21237
21013
21893
21941
22693
24053
24774
26102
27526
28422
29591
30311
30663
30791
30407
29815
29255
28262
27462
26534
26086
25766
25382
25702
25750
26086
26406
26086
26198
26118
25574
25558
25350
25046
24774
24437
24533
24758
25414
26262
26262
26854
27526
27542
28102
28182
27862
27574
27302
26806
25990
25926
25990
25430
26006
26086
25862
26358
26294
26326
26454
26374
26102
25494
25174
24598
23685
23669
23157
22437
22581
22261
22053
22149
22101
22149
22309
22741
22789
22613
23013
22661
22517
22821
22405
22485
22597
22421
22469
22501
22165
22197
21653
21429
20565
19588
18676
17412
16628
16452
16163
17284
19316
21989
24389
27526
30023
31943
33416
34808
35080
34952
34552
32503
30551
28695
26582
25110
23941
22997
22549
22341
21813
21093
21749
21781
21461
21829
21509
20821
20869
20821
21157
21941
22885
24053
25318
26806
28022
28871
30183
30775
30919
31207
30583
29639
28582
27574
26742
26246
25734
25430
25190
25398
25478
25686
26070
25942
26070
25910
25462
25142
24726
24646
24678
24726
25430
25638
25926
26582
26662
26998
27574
27830
27942
27750
27270
26838
26438
26470
26214
26406
26694
26278
26694
26886
26886
27142
27174
26934
26374
25798
25094
24133
23541
23061
22421
22309
22117
21749
21989
22117
22293
22853
23285
23445
23445
23109
22805
22421
22421
22389
22245
22613
22437
22485
22661
22581
22805
23093
22565
22245
21461
20388
19012
17796
16564
15491
15491
15891
17108
19572
22229
25206
28294
30615
32631
34472
35608
35624
35336
34328
32551
30407
29095
27302
25478
24453
23445
22821
22885
22357
21909
22053
21829
21493
21285
20821
20260
20020
20404
20661
21477
22741
23925
25286
26806
28262
29511
30599
31175
31399
31159
30647
29975
28630
27830
26886
25990
25494
25350
25270
25142
25398
25814
26086
26262
26614
26022
25878
25782
25238
24934
24918
24485
24854
25302
25686
26006
26854
27318
27398
27910
28310
27830
27702
27590
26790
26326
26390
25990
25830
25990
26038
26182
26598
27078
26950
26934
27334
26902
26518
26102
25142
24357
23749
23189
22741
22469
22245
21957
21925
22229
22101
22437
22581
22629
22613
22725
22741
22789
22757
22853
22853
22661
22693
22501
22357
22437
22341
22101
21589
20981
20084
19172
18308
17364
16291
15635
14979
15187
16980
19636
22341
25590
28518
30775
32647
34536
35720
35784
35896
34824
32487
30759
28839
26518
25014
24101
23093
22341
21909
21221
20597
20885
20757
20677
20885
20452
19892
19956
20132
20677
21845
23285
24389
25606
27206
28246
29447
30663
31303
31399
31383
30615
29575
28246
27126
26358
25542
25206
25158
24822
24806
24998
25190
25478
25798
26054
25894
25622
25302
24549
24341
24421
24582
24902
25542
25798
26118
26438
26854
27398
27894
28326
27910
27494
27142
26454
25846
25910
25942
25734
25846
26006
25686
25958
26374
26358
26470
26886
26358
25750
25126
24085
23509
23301
22869
22421
22293
22165
21829
21717
22373
22581
22853
23157
22853
22453
22053
21765
21717
21893
22101
22213
22165
22245
22245
22629
23013
23013
22805
21893
21013
19924
18436
17092
16211
15027
14499
14339
14899
16548
19476
22565
25622
29223
31799
33528
35048
35848
35656
35240
34088
32135
30119
28022
26038
24790
23749
23093
22645
22341
21733
21317
21125
20821
20645
20533
20084
19444
19460
19556
20164
21237
22661
24165
25814
27302
28711
29911
30679
30983
30919
30679
29927
29047
27830
26790
25926
25382
25110
25142
25062
25286
25558
25670
25974
25958
25910
25654
25238
24870
24517
24149
24181
24389
24886
25494
25830
26486
26886
27318
27638
27958
28006
27798
27382
26998
26470
26070
26038
25846
25878
26182
26262
26438
26470
26598
26470
26470
26358
25830
25222
24582
23669
23093
22853
22677
22517
22597
22437
22405
22245
22437
22405
22789
22933

