28582
30903
33816
35352
35144
35144
34712
33928
32743
31847
31383
31015
30199
29735
29767
29575
28743
27606
27542
27894
28759
28534
28214
28102
28454
28454
28406
28358
28566
29111
29095
28598
28582
29255
29399
29719
31287
33016
33208
33256
33496
34424
34712
34776
34808
34360
32711
31655
31479
31431
30503
30039
29767
29975
29335
29367
30583
31287
31991
32984
33912
33992
33832
34232
34936
33608
33400
33208
32471
31015
29639
28999
28198
27046
26438
25990
25430
24854
25014
25734
26118
26230
26118
26310
26438
26438
26598
26566
26038
25094
24421
23589
22693
21973
21397
21141
20869
21029
21845
23253
24389
25286
25478
25158
24469
23973
23765
22741
21909
19908
17828
15891
13875
12867
11106
10194
10482
10466
10674
11234
12146
13107
14083
15219
16211
17316
18420
19220
19492
18964
18596
17620
17316
16708
16307
15843
15171
14355
13779
12643
11666
11394
11698
12130
12739
12851
12995
13251
13091
13187
13091
13283
13123
13187
14307
16852
18964
21413
24101
26374
27894
29831
33976
38089
40793
40777
40553
39465
37337
35288
34120
32247
29271
26662
23813
20148
17636
15763
15139
14611
14515
15491
17396
18596
21157
23797
25654
26678
28406
30503
32263
33400
34184
34488
33832
32615
31751
31463
30647
29975
29703
29351
28454
27478
27110
26838
26646
26550
26790
26854
26374
25702
25382
25798
26918
27510
28374
28759
28422
28166
29079
30743
31703
32391
33112
33176
32535
32663
33128
32776
32119
31255
30903
29911
29015
29207
29463
28679
27558
27606
27990
28534
28839
30887
31399
31495
31639
32439
32936
32792
33032
33160
32519
31335
30711
29975
28518
27206
26726
26422
25686
25190
24854
24421
24165
24149
24517
24902
25142
25190
25526
25606
25254
25462
25190
24325
23893
23349
23157
22901
22117
21429
21285
21653
22213
22997
23861
24485
24245
24085
23765
23189
22181
21365
20533
18820
17140
15763
14995
13555
12082
11506
10818
10802
11570
12579
14035
14787
15843
16756
17540
17844
18372
19108
19332
19380
19284
18804
17172
15795
15507
15187
14179
13539
13203
12499
11714
11394
11858
12707
13107
14051
15107
15155
14723
14915
15779
15683
15603
16788
19092
20917
22341
24389
25942
26438
28342
31047
34072
36488
37769
38681
38025
35816
33800
32343
30039
28326
26150
23781
20308
17652
16211
15011
14147
13987
15299
17076
19604
22421
24245
25766
27062
29191
30887
32519
33736
34728
34984
33960
32695
31447
30599
29767
29671
29159
28054
27286
26838
26630
26390
25782
25686
25878
26694
27382
27750
27910
28086
28695
28358
27942
28294
29063
29975
30983
32215
31783
31319
31191
31623
31991
32343
32952
32952
31863
30295
29015
28294
28454
29191
29575
29159
28422
28118
28823
29719
30471
31143
31543
32359
33272
34088
34024
33912
33592
33080
32167
31015
30567
29959
29175
27990
26678
25190
23957
23829
24197
24405
24469
24710
25062
25206
25446
25462
25894
26646
27238
27286
26358
25622
24614
23957
23285
22565
21589
20741
21077
21621
22165
23221
23781
24277
24165
24053
23925
23621
23621
23189
21669
19396
16852
15203
14035
13043
12403
12002
11378
11090
11490
12339
12595
13603
15027
16628
17412
18724
19428
19428
19476
19876
19748
18500
18164
18116
17348
15843
15267
14099
12755
11602
11378
11986
12787
13619
13923
13651
13603
14019
14787
15459
15875
16211
17172
17812
19252
21013
22965
24405
25526
27366
30087
32952
35544
37593
38217
38105
37353
35976
34632
33640
31879
29399
26358
22533
19732
17156
15667
15427
15091
15395
16996
18964
20517
22229
24245
26150
28294
30311
32231
33160
32936
33000
33240
33032
31879
31287
31079
29975
28935
29239
29463
28871
28326
28390
28326
27462
27286
28454
28614
27526
26662
26662
26710
26806
27254
27654
27686
27414
28086
30167
30951
31527
32167
33480
33944
33960
34296
34680
34184
32551
32231
31703
30631
30119
29991
29623
28102
27334
27654
28598
29047
29895
30983
31447
31767
32567
33432
33416
33368
33736
33928
33112
31863
30935
30183
29143
27798
27334
26694
25926
25478
25366
25526
25206
24966
26038
26518
26582
26502
26902
27190
26886
26310
25590
24822
23957
23637
23237
22837
21669
21205
21317
21813
22581
23509
24710
25558
25606
25478
25286
24854
24069
23077
22101
20485
18340
16884
15939
14499
12963
12178
11842
11714
12002
12867
13747
14291
15043
16628
17604
18164
18820
19236
19796
19220
18996
19220
18740
17428
16916
16772
16291
15587
15619
15475
14115
12995
13187
13635
13875
14451
15219
15059
14243
13427
13523
14035
14291
14883
16580
18164
19460
21541
24181
26454
28198
29895
33416
36648
38681
40025
40761
39193
37113
34568
33272
31687
28695
26438
24293
20276
17412
15795
15315
14851
14947
16628
18724
19732
21701
24774
26822
27382
28807
31367
32840
33368
34328
35368
34536
32968
32039
31927
31223
30327
30423
30695
29303
28166
27670
27766
27078
27046
27494
27718
27414
26886
27430
28070
27942
28070
28967
29383
29079
29271
31191
32231
32007
32663
33784
33880
33528
33816
34408
33784
32023
31159
31287
30215
28999
28855
29559
28566
28246
28839
29543
29655
29895
31719
32615
33064
33944
35032
34648
34136
33960
34344
33992
32503
32279
31447
29815
28262
27350
27078
25702
24918
24886
24998
24742
24726
25382
25702
25814
26038
26726
27414
27382
27462
27318
26454
25590
24982
24678
23765
22693
22005
21669
21717
22165
23077
23797
24533
24694
25030
25174
24806
23749
23189
22181
20805
18964
17172
16067
14627
13523
12995
12835
12563
12979
13747
15171
16195
16836
18068
19044
19348
19844
19972
20260
20260
19476
18868
17956
17108
15763
15347
14691
14243
13251
12963
13123
13203
14051
15123
15683
15571
15939
16420
16083
15859
16259
16115
15731
15763
16420
17780
19012
20837
23429
25030
26502
28791
32247
35112
37513
39193
39977
39225
37353
35144
33624
31351
29143
27606
25206
21829
18612
16612
15955
15667
16195
17828
19556
20933
22997
25222
26950
28534
29847
31447
32567
33192
33512
34120
33928
33192
31735
30503
29287
29319
29575
29607
29671
28823
28278
27958
27654
27734
28454
29079
29111
28999
28679
28646
28695
29127
29575
29463
29431
29575
30647
31895
32519
32824
33240
32952
32615
32375
32295
32391
32231
31815
31031
29671
28614
28470
28743
29031
29559
30071
30375
30855
31591
32471
33000
34040
35176
35512
35096
34312
33880
33496
32808
31703
30311
28935
28054
27142
26582
25798
25542
25030
24998
24982
24934
26086
26822
27318
27782
27510
27158
27014
27206
27286
26726
25478
24694
23877
23221
22293
21445
21509
21541
23909
24646
25158
25446
25350
24982
24325
23685
23221
22645
22245
21045
19652
18484
17060
15715
14291
13491
13299
13203
13619
14211
14499
14467
14803
15875
17188
18356
19428
19844
19748
19092
18676
18292
17620
17092
16788
15987
14643
13459
12947
12899
12819
13347
14227
14915
15459
16355
17380
17588
17236
17636
17636
16964
15971
15555
15443
15523
15971
17828
19972
21093
22677
24630
27286
30039
33592
37161
39001
39609
38393
37065
35480
33800
32567
30903
29047
25126
21829
18644
17044
15651
15667
16692
17396
18052
19700
22277
24630
26598
28566
30167
31303
31831
33416
34056
34024
33736
32872
31431
29911
29367
29559
29623
29415
29031
28630
27926
27718
28118
28711
29143
28951
29527
30055
29847
29127
28614
28294
28214
28086
29063
30343
30999
30999
31287
31319
30967
31175
32792
33448
33304
32711
32071
31623
30839
30711
30359
30151
29703
29879
30103
29959
29847
30151
30903
31303
31607
32487
33304
33624
33560
33480
32743
31911
31495
31223
30887
29607
28486
27942
27174
26390
25942
25702
25718
25814
26406
26582
26230
26150
26310
26438
26182
26262
26214
25878
25446
24646
24133
23349
22741
22357
21941
21285
20805
21061
22085
23269
24165
24598
24806
24902
24950
24742
24245
23605
22741
21269
19780
17828
16035
14739
13859
13475
12995
12403
12291
12563
14035
15203
16115
16980
18180
18788
18756
19300
19252
19140
18996
18564
17556
17332
16420
15795
15955
15747
14771
14771
14979
15539
15235
14931
15443
15939
15955
16195
16420
15763
14771
14531
14995
15123
14931
15763
16772
17204
17828
19812
22037
24101
26838
29591
31047
32103
34344
36776
37593
36824
36360
35272
33272
31207
29831
27654
24662
21845
20100
18212
16564
16692
17636
18340
18932
19972
21589
23717
26022
27206
29287
30023
30535
31527
32599
32968
32695
32215
31879
31751
31095
30727
30359
29399
29191
28502
28214
27894
27654
27830
28294
27862
27350
27510
28054
27974
27910
28086
28406
28438
28983
29799
30103
29975
30279
30935
31703
31783
32247
33016
33416
32984
32679
32439
31799
31239
30679
30663
29623
28743
28454
28342
27686
27606
28214
28935
29543
30215
31399
32023
32423
33128
33624
33624
33304
33016
32663
31799
30343
29287
28294
26982
26198
25462
24870
24325
24021
24165
24405
24293
24790
25270
25718
25894
25782
26102
25734
25222
24630
23925
23125
22245
21541
21285
20741
20693
21189
22085
23429
24421
25478
25814
25606
25334
24838
24373
23157
21797
19828
17828
15891
14307
12995
11890
11042
10770
11170
12098
13299
14531
16083
17284
17940
18612
19604
20068
19972
19588
19252
18148
16612
15411
14323
12931
12755
12915
13219
13667
14131
14691
14515
15219
16388
17236
17428
17556
17828
16500
15331
14723
14819
13891
13155
13667
14291
15011
16628
19460
22229
24646
27110
29031
31335
33864
36088
38745
39529
38409
36072
33576
31111
29063
27574
26598
24149
20885
18484
17124
16131
16500
18148
20020
20677
21781
24261
26694
27558
28711
29815
30375
30295
30535
32167
32183
31223
30679
30311
29431
28198
28630
29703
29815
29431
29415
29463
28823
29111
29991
30903
31207
30839
31143
30711
29223
28230
28823
29751
29447
29703
30119
29927
29127
29303
30423
30887
30775
30855
31607
31783
31671
32327
32599
31607
30327
30199
30263
30647
31159
31879
31655
30535
29927
30519
31271
31575
32471
33208
32968
31815
31415
31399
30871
30135
29751
29559
28518
27478
26774
26694
26086
25174
25894
26166
26118
26230
26662
26918
26598
26438
26102
25382
24694
24646
24421
23813
22645
21621
20709
19572
19252
19924
21413
23029
24069
24950
25366
25382
25350
25670
25894
25382
23957
22453
20725
18612
15971
14259
13299
12242
11538
11394
11506
11714
12627
14211
15043
15587
17108
18996
20308
20725
20901
20885
20004
18996
18276
18196
16964
16564
15715
15203
13763
12963
13315
14083
14579
14403
14579
15587
16291
16644
16932
16772
15955
15619
15731
15747
15635
16099
16580
17572
18036
19364
21301
23253
25926
28262
30855
32727
35032
37129
38009
36889
36248
35864
34760
33000
30711
28743
25750
22725
20645
19124
17764
16868
17140
18372
19460
19796
21509
23749
25302
27862
29223
30295
31383
32199
32727
32984
32487
31991
32567
32215
31111
30487
30247
30391
30231
30103
29927
29111
28310
29143
29799
29783
29719
29447
29207
28598
28310
28646
29207
29591
29799
29415
28871
28951
29831
31415
32327
32391
32231
31927
31671
32215
32888
33064
32856
32391
31623
30903
30263
30327
30935
30887
30759
30231
30135
30343
31191
31831
32231
32151
31767
31575
31447
31383
31175
30759
30215
29479
28791
28086
27654
27574
27446
27190
26774
26406
26358
26438
26566
26774
26534
26134
25302
24902
24405
24021
23445
23029
22373
21685
20805
20485
20388
20917
21989
23493
24582
25302
25910
26534
26310
25638
25766
25430
23909
22149
20613
18612
15955
13763
13091
12483
11714
11346
11970
12675
13091
13971
15251
16307
17444
18628
19764
20388
20020
19732
19476
18564
17924
17620
17044
16644
16003
15779
15315
15059
15203
16019
16580
16532
17060
17476
17492
16868
16404
15763
15075
14611
14259
14275
14099
14787
15251
16259
17828
19188
20741
22549
24966
26806
28422
30087
31671
32711
33864
34648
34328
33976
32920
31831
30519
29079
28006
26582
24774
22597
21301
20308
19732
19924
20677
21173
21189
21845
23333
25030
26374
27862
28679
29495
29767
30503
31223
31351
31543
31207
30935
30567
30391
30199
30151
29783
29047
29383
28662
28550
28422
28550
28919
28743
28470
29015
29255
29015
29783
31079
31623
31223
30775
30743
29911
29783
30247
31687
31767
30711
30199
29607
29543
29879
30935
31319
30775
30119
29847
30167
30215
30999
30775
30615
30087
29847
30647
31175
31447
31607
31383
31159
30855
31127
31303
31479
30951
30343
29671
28743
28326
27910
27558
26982
26262
25974
25574
24598
24245
24405
24726
25078
25206
25110
24822
24213
24245
24357
24261
23461
22693
21957
21061
20485
20933
21541
21957
21957
22245
22821
23173
23813
24309
24437
23589
22453
21733
20773
19748
18516
17012
15459
14067
13027
12403
12178
12323
12627
12771
13219
13571
14499
15859
16996
17764
18212
18500
18580
18532
18324
18404
18564
18516
17892
17060
16035
14627
14179
14275
14435
14291
14227
14451
15091
15251
15523
16131
15955
15907
15779
16179
15955
16243
17236
17988
18292
18372
19076
20789
22533
24277
26422
27686
28823
30439
32679
34312
34712
34776
34696
33128
31463
30631
29239
27366
25958
24437
22213
19876
18948
18788
19332
19636
20581
21573
22629
31463
31463
31575
31719
32007
32007
31591
31319
30599
30263
29623
29063
28919
28871
29495
29335
28743
29511
29975
30871
30951
31479
31559
31655
31575
31239
31079
31367
31463
30903
30519
29943
29575
28598
27926
27894
28230
28823
28711
29015
29015
29191
29991
31383
32311
32615
32631
32776
32792
32311
31927
31959
32167
31735
31367
31015
30503
30199
30359
30439
30407
30103
30039
30503
30455
30167
29783
29639
29255
28775
28518
28166
27718
27254
27318
26902
26102
25574
25398
25462
25366
25190
25238
24774
24517
24053
23221
22837
22245
21893
21461
20805
20036
19924
20613
22005
23429
24710
25494
25798
26534
27206
27478
27382
26838
25782
23637
21237
18852
16884
15155
13859
12787
11442
10226
10146
11026
12178
13123
14275
15795
17444
18788
20244
21381
21957
22197
22245
21685
20965
20036
18980
17972
16948
15907
15107
15027
14723
14467
14579
14339
14403
15875
17172
17828
18036
18020
17860
17428
16916
17044
17092
17156
16996
17812
18164
18276
19092
20709
21365
21637
22533
25014
26630
27606
28695
29751
29991
30439
31863
33368
32904
32551
32663
31911
29943
28614
28262
26870
25222
24133
23877
22677
21813
22149
22709
22885
23157
24822
26502
27302
27926
28614
29143
29527
29959
30999
31431
31079
31399
31463
31271
30935
30615
30759
30855
30263
30631
31143
31191
30903
30375
30631
30375
30135
30647
31415
31303
30855
30711
30375
30231
29687
29847
30087
30231
30391
30359
30503
30263
30359
30679
31159
31543
31783
32183
32231
31895
31495
31447
31319
30983
30727
30887
30807
30759
31015
31335
31079
31127
31255
31831
32039
31735
31399
31063
30135
29047
28518
28358
27974
27254
26886
26598
25974
25174
25510
25494
25510
25494
25574
25846
25526
24918
24886
24021
23189
22469
21941
21317
21109
21493
22149
22901
23637
24662
25302
25622
26086
26054
26518
26214
25222
24133
22645
21013
19124
17476
16388
15027
13459
12915
12659
12595
12787
13363
14259
15059
16195
17652
18964
19972
20533
20741
21285
20869
20789
20436
19508
18404
17908
16868
16003
15683
15555
15571
15411
15347
15267
15747
16355
17188
17940
18132
18308
17908
17940
17844
18148
18388
18980
19988
19940
20148
21125
21909
22597
23221
23717
23909
24357
25894
27286
27686
28278
29287
29879
30151
30487
31431
31575
31255
31543
30263
29559
28566
27830
27142
25254
24678
24934
24662
24389
24517
25078
24870
25366
26918
27974
28262
28823
29959
30119
31159
31095
31463
32327
32119
32567
32968
33384
32888
32808
33032
32776
32407
32695
33256
32679
31847
31207
31383
31271
31175
31335
30599
29607
28662
29015
29623
29639
29447
29671
29495
29143
29335
30359
31319
31767
31847
32103
32295
32327
33144
34184
34344
33688
33416
33448
32984
32423
32311
32055
30999
29991
29495
29015
28150
27382
27750
27782
27238
27094
27446
27798
27926
28102
28903
28951
28598
28422
28310
27654
27350
27062
26566
25238
23973
23205
22549
21701
21237
20725
20004
19812
20404
22101
23205
23813
24838
25542
25798
25814
26070
26246
25958
24533
22965
21429
19780
18180
17060
16211
15091
13779
13299
13475
13523
13859
14419
15139
15619
16275
17620
18468
19156
19412
19828
19444
19732
19732
19940
20004
19380
18932
17908
17028
16275
15555
15651
15987
16468
16772
16692
16163
16404
16323
16708
17252
17284
16996
16884
16868
17220
17972
19044
20228
20981
21909
22709
23765
24213
24710
25206
24646
24614
25350
25942
26342
26646
26550
26038
26054
27046
28614
29223
30311
31447
31511
31143
30775
31143
30471
29911
29175
28711
27542
26966
26614
26022
25718
25398
25702
26838
27894
29143
30183
30999
31895
32695
33432
33944
34424
34568
34872
34440
33688
32808
31895
31239
30743
30631
30359
30167
30103
29927
29783
29863
30295
31111
31687
31703
31655
31655
31687
31527
31239
30951
30663
30215
30231
30375
30119
30007
29879
30007
30039
30039
30503
30951
31127
30983
30679
30247
29623
29239
29223
28951
28294
27862
27510
27174
26726
26358
26566
26886
27110
27702
27942
28038
27910
27830
27814
27350
26294
25878
25030
24037
22789
21493
20501
19284
18564
18164
18484
19652
21461
22773
23685
23973
23877
24069
24710
25334
25302
24453
23237
21205
19012
17124
15875
14931
13987
13315
12627
11938
12002
12419
12947
13843
14659
15891
16964
17556
18420
19252
19700
19732
19684
19156
18148
17524
17204
17252
16420
15715
15091
14787
14163
14467
15267
16051
16724
17364
17140
16756
16436
17028
17396
17492
16996
16692
16756
17204
18660
19412
20949
21637
22597
24133
24918
25174
25334
26342
25926
25670
25110
25542
25574
25238
24902
25046
25046
25078
26502
28230
28711
28967
29607
30391
30263
30119
30087
29959
29479
29399
29143
28374
27206
26806
26950
26950
26918
27670
28711
29367
30199
30759
31431
32071
32695
33688
33880
33752
33704
33560
33224
32455
31687
30695
30215
29847
29911
29383
29511
29399
29623
29927
30295
30599
31063
31719
32071
31911
31383
31111
30759
30215
29943
29655
29111
28775
28454
28438
27974
27686
28038
28823
29239
29367
29303
29431
29223
28887
28727
28102
27670
27270
27110
26742
26262
25782
25638
25606
25574
25750
25942
26054
26278
26166
25798
24934
24165
23541
22901
22181
21333
20420
19956
19556
19620
19940
20501
21461
21941
22133
22565
22933
23237
23157
22693
22133
20933
19556
18308
17204
15923
14595
13699
12819
11970
11394
12483
13219
14035
14579
15763
15939
16996
18004
19172
19444
19076
19364
19060
17908
16532
15539
15283
14691
14323
14083
14195
13923
13859
14883
16003
17060
17684
18932
19460
18164
17876
18036
18548
17876
18036
17700
17348
17108
17876
19172
19508
20981
22661
24197
25638
26022
27158
27110
27254
27094
26982
26566
25862
25302
24517
23573
23221
23397
24277
24758
25798
26182
27062
28662
29815
30647
30823
31223
31223
31223
31543
31559
31127
30087
29607
28919
28518
28214
28550
29223
29287
29255
29687
30183
30455
31415
32183
32311
32535
32535
32904
32920
32247
32087
31975
31767
31447
31271
30967
30439
30247
30775
30807
30631
30759
30935
31191
31191
30983

