25094.0
21765.0
39817.0
37097.0
24037.0
27318.0
32776.0
24710.0
22821.0
22821.0
9122.0
11266.0
17268.0
15027.0
11554.0
11378.0
10098.0
9106.0
10850.0
10658.0
9090.0
10194.0
10786.0
9154.0
12371.0
17124.0
20116.0
23381.0
24213.0
26918.0
31815.0
31991.0
33416.0
37353.0
40921.0
40329.0
39945.0
37305.0
34312.0
30759.0
28967.0
26790.0
25126.0
24742.0
23621.0
22997.0
22869.0
21989.0
22021.0
21349.0
20308.0
20485.0
19092.0
18404.0
18676.0
18212.0
19252.0
19812.0
20452.0
22005.0
22357.0
23781.0
24950.0
25750.0
27030.0
27062.0
27718.0
28294.0
28566.0
30919.0
32519.0
33336.0
33032.0
30551.0
28342.0
26454.0
24646.0
24213.0
23573.0
23333.0
23733.0
23333.0
23445.0
23317.0
22885.0
23413.0
23445.0
23973.0
25430.0
26086.0
27142.0
28070.0
27670.0
27878.0
27606.0
27126.0
27398.0
26886.0
26630.0
26118.0
25286.0
25302.0
24630.0
24822.0
25350.0
25222.0
26054.0
26742.0
26886.0
27542.0
27334.0
27318.0
27030.0
26182.0
25894.0
24854.0
23861.0
23269.0
21829.0
22197.0
21765.0
21381.0
21989.0
21925.0
22629.0
23669.0
24181.0
25494.0
25830.0
26358.0
25958.0
25270.0
24966.0
23765.0
23317.0
22805.0
22037.0
22021.0
21605.0
21477.0
21621.0
21429.0
21909.0
22133.0
22053.0
22581.0
22197.0
21925.0
21925.0
20917.0
20517.0
19716.0
18548.0
18484.0
18340.0
19524.0
21605.0
23045.0
25382.0
27334.0
28582.0
30503.0
31191.0
31911.0
32407.0
31959.0
31239.0
30039.0
28839.0
27718.0
26086.0
25478.0
25126.0
24101.0
24037.0
23557.0
22805.0
22789.0
22389.0
22341.0
22293.0
21829.0
21701.0
21093.0
21189.0
21653.0
21749.0
22965.0
23829.0
24726.0
26246.0
27030.0
28070.0
28903.0
29255.0
29767.0
29783.0
29479.0
29175.0
28054.0
27286.0
26694.0
25862.0
25670.0
25430.0
25254.0
25446.0
25286.0
25606.0
25910.0
25862.0
26326.0
26134.0
25750.0
25734.0
25014.0
24678.0
24341.0
24165.0
24549.0
24582.0
24950.0
25510.0
25414.0
26470.0
27062.0
27462.0
28214.0
28326.0
28214.0
28022.0
27670.0
27526.0
26838.0
26678.0
26582.0
25830.0
25958.0
25958.0
25446.0
25782.0
25750.0
25718.0
25846.0
25638.0
25702.0
25174.0
24934.0
24694.0
23893.0
23973.0
23685.0
23237.0
23381.0
23205.0
23093.0
23461.0
23317.0
23669.0
23685.0
23717.0
23717.0
23365.0
23445.0
23317.0
22709.0
22997.0
22981.0
22805.0
23189.0
23061.0
23093.0
23285.0
23349.0
23749.0
23653.0
23061.0
22837.0
21829.0
21029.0
20212.0
19172.0
18388.0
17348.0
17348.0
17572.0
18788.0
21269.0
23253.0
25430.0
28070.0
29639.0
31255.0
32743.0
33224.0
33192.0
32583.0
31671.0
30183.0
28711.0
27542.0
25622.0
24710.0
24229.0
23477.0
23125.0
23317.0
22517.0
22181.0
22261.0
22053.0
21893.0
21813.0
21493.0
21333.0
21141.0
21493.0
21701.0
22549.0
23637.0
24421.0
25606.0
26886.0
27398.0
28662.0
29255.0
29479.0
29735.0
29399.0
29159.0
28310.0
27398.0
26838.0
25942.0
25494.0
25398.0
25062.0
25158.0
25078.0
25014.0
25382.0
25238.0
25334.0
25430.0
25078.0
25014.0
24517.0
24101.0
24085.0
23957.0
24133.0
24582.0
24790.0
25334.0
25862.0
26198.0
26886.0
27190.0
27670.0
28038.0
27830.0
27718.0
27350.0
26662.0
26710.0
26230.0
26086.0
25894.0
25574.0
25910.0
25702.0
25766.0
26038.0
25878.0
26070.0
25814.0
25398.0
25142.0
24485.0
24069.0
23589.0
23141.0
22997.0
22661.0
22661.0
22709.0
22613.0
23077.0
23333.0
23637.0
24101.0
23797.0
23957.0
23781.0
23349.0
23381.0
23029.0
22997.0
22885.0
22597.0
22773.0
22773.0
22565.0
22853.0
22965.0
23125.0
23317.0
23013.0
22693.0
21989.0
21141.0
20565.0
19700.0
18980.0
18404.0
17332.0
17364.0
17572.0
19204.0
21525.0
23605.0
25974.0
27798.0
29127.0
30823.0
31943.0
32407.0
32711.0
32391.0
31303.0
30167.0
28743.0
27174.0
25766.0
25174.0
24405.0
23685.0
23669.0
23109.0
22245.0
22101.0
21797.0
21605.0
21717.0
21557.0
21173.0
20917.0
20949.0
21125.0
21717.0
22997.0
23893.0
24854.0
26342.0
27110.0
27718.0
28887.0
29239.0
29591.0
29655.0
29591.0
29031.0
28182.0
27446.0
26646.0
25862.0
25670.0
25254.0
24950.0
25110.0
24918.0
24998.0
25094.0
25142.0
25366.0
25078.0
24806.0
24646.0
24101.0
23909.0
23781.0
23989.0
24213.0
24630.0
25238.0
25590.0
25974.0
26822.0
27030.0
27574.0
28166.0
28070.0
28118.0
27878.0
27270.0
26870.0
26566.0
26294.0
25942.0
25750.0
25686.0
25398.0
25286.0
25494.0
25350.0
25414.0
25398.0
25110.0
24918.0
24469.0
24117.0
23765.0
23365.0
23269.0
23093.0
23077.0
22869.0
22869.0
22997.0
23093.0
23477.0
23797.0
23765.0
23989.0
23717.0
23445.0
23493.0
23237.0
23125.0
23285.0
23205.0
23173.0
23141.0
22949.0
22821.0
22693.0
22837.0
22789.0
22501.0
22149.0
21269.0
20517.0
19940.0
19348.0
19028.0
18724.0
18228.0
18148.0
18228.0
19300.0
21253.0
23477.0
25846.0
27830.0
29479.0
30903.0
31831.0
32519.0
32631.0
32487.0
32007.0
30855.0
29287.0
28054.0
26278.0
25238.0
24341.0
23685.0
23141.0
22933.0
22117.0
21333.0
21173.0
21109.0
21221.0
21525.0
21413.0
21477.0
21589.0
22005.0
22437.0
23349.0
24245.0
25238.0
26406.0
27094.0
27990.0
28566.0
28951.0
28614.0
29543.0
29559.0
29319.0
28646.0
27766.0
26998.0
26182.0
25878.0
25510.0
25414.0
25350.0
24950.0
24822.0
24806.0
24790.0
24966.0
24998.0
24822.0
24742.0
24582.0
24405.0
24197.0
24469.0
24838.0
25094.0
25558.0
26118.0
26278.0
26758.0
27174.0
27574.0
28022.0
28102.0
28102.0
27638.0
27110.0
26806.0
26182.0
26070.0
25846.0
25494.0
25334.0
25110.0
24918.0
24918.0
24998.0
25062.0
25174.0
25078.0
24950.0
24517.0
24149.0
23877.0
23525.0
23541.0
23205.0
23301.0
23269.0
23157.0
22997.0
23141.0
23349.0
23573.0
23765.0
23797.0
23733.0
23397.0
23189.0
22885.0
22805.0
22997.0
23093.0
22949.0
22885.0
22869.0
22725.0
22805.0
22757.0
22805.0
22549.0
22325.0
21845.0
21189.0
20629.0
19908.0
19172.0
18564.0
18004.0
17956.0
18308.0
19316.0
21173.0
23109.0
25174.0
27622.0
29191.0
30791.0
32023.0
32391.0
32695.0
32487.0
31543.0
30247.0
28807.0
27510.0
25814.0
24822.0
23669.0
23205.0
23013.0
22693.0
22101.0
21701.0
21733.0
21541.0
21557.0
21669.0
21685.0
21557.0
21733.0
22005.0
22373.0
23397.0
24517.0
25270.0
26326.0
27238.0
27894.0
28695.0
29271.0
29511.0
29559.0
29399.0
28999.0
28134.0
27574.0
26758.0
26022.0
25606.0
25382.0
25078.0
24982.0
24646.0
24758.0
24678.0
24822.0
25030.0
24870.0
24966.0
24870.0
24646.0
24485.0
24630.0
24726.0
24902.0
25206.0
25606.0
25926.0
26390.0
26822.0
27142.0
27158.0
27734.0
27734.0
27686.0
27366.0
26966.0
26614.0
26182.0
26022.0
25830.0
25542.0
25382.0
25350.0
25270.0
25222.0
25206.0
25222.0
25238.0
24854.0
25030.0
24774.0
24325.0
24133.0
23781.0
23685.0
23733.0
23557.0
23541.0
23509.0
23413.0
23285.0
23365.0
23301.0
23333.0
23077.0
22949.0
22725.0
22565.0
22533.0
22565.0
22597.0
22757.0
22885.0
22981.0
23157.0
23333.0
23637.0
23685.0
23749.0
23701.0
23317.0
22709.0
21653.0
21029.0
20292.0
19284.0
18388.0
17524.0
16964.0
17044.0
17636.0
19428.0
21829.0
24133.0
26310.0
28374.0
29943.0
31287.0
32327.0
32984.0
32904.0
32343.0
31303.0
29911.0
28438.0
27238.0
25878.0
25014.0
24309.0
23829.0
23349.0
23029.0
22533.0
22197.0
22117.0
21893.0
21797.0
21637.0
21349.0
20933.0
21045.0
21333.0
21941.0
23045.0
23925.0
24966.0
26054.0
27110.0
27926.0
28630.0
29351.0
29751.0
29831.0
29559.0
29047.0
28326.0
27462.0
26790.0
26198.0
25750.0
25654.0
25478.0
25398.0
25334.0
25382.0
25478.0
25558.0
25430.0
25478.0
25270.0
24902.0
24614.0
24325.0
24101.0
23221.0
24790.0
25094.0
25558.0
26086.0
26534.0
26950.0
27510.0
27958.0
28246.0
28086.0
28326.0
27734.0
27414.0
27014.0
26438.0
26342.0
26198.0
25958.0
25878.0
25830.0
25606.0
25558.0
25654.0
25654.0
25462.0
25350.0
25046.0
24517.0
24101.0
23925.0
23589.0
23493.0
23477.0
23349.0
23301.0
23301.0
23109.0
23557.0
23733.0
23893.0
23909.0
23909.0
23893.0
23669.0
23445.0
23317.0
23125.0
23173.0
23061.0
22997.0
23045.0
23045.0
23077.0
23189.0
23221.0
23125.0
23093.0
22821.0
22261.0
21669.0
20789.0
20068.0
19380.0
18740.0
17908.0
17652.0
17812.0
18900.0
20725.0
23045.0
25430.0
27846.0
29351.0
31015.0
32295.0
33064.0
33240.0
33048.0
31991.0
30631.0
29447.0
28118.0
26598.0
25446.0
24501.0
23909.0
23397.0
23109.0
22453.0
21925.0
21893.0
21685.0
21605.0
21701.0
21509.0
21349.0
21381.0
21573.0
22101.0
23125.0
23989.0
24950.0
26086.0
27238.0
27958.0
28999.0
29639.0
30215.0
30039.0
30087.0
29559.0
28855.0
28134.0
27222.0
26550.0
26278.0
25718.0
25382.0
25302.0
25238.0
25190.0
25334.0
25382.0
25286.0
25254.0
25030.0
24886.0
24630.0
24437.0
24325.0
24421.0
24758.0
25158.0
25702.0
26086.0
26710.0
27270.0
27622.0
28006.0
28326.0
28406.0
28310.0
28022.0
27478.0
27078.0
26790.0
26326.0
26006.0
25958.0
25542.0
25590.0
25430.0
25494.0
25510.0
25382.0
25094.0
25062.0
24598.0
24133.0
23877.0
23605.0
23333.0
23125.0
23285.0
23093.0
23109.0
23381.0
23541.0
23669.0
23941.0
23989.0
23733.0
23893.0
23845.0
23477.0
23317.0
23157.0
22741.0
22533.0
22533.0
22261.0
22133.0
22501.0
22629.0
22677.0
22837.0
22533.0
21797.0
21477.0
20821.0
19860.0
19236.0
18564.0
17732.0
17412.0
17860.0
19044.0
20709.0
23173.0
25750.0
27910.0
29767.0
31479.0
32776.0
33560.0
33592.0
33400.0
32295.0
30775.0
29239.0
27398.0
25974.0
24726.0
23765.0
23029.0
22581.0
22293.0
21941.0
21701.0
21877.0
21845.0
22021.0
22069.0
21781.0
21589.0
21701.0
21525.0
22085.0
22981.0
23893.0
24726.0
26038.0
27238.0
28054.0
28983.0
29703.0
30167.0
30375.0
30263.0
29735.0
28999.0
28166.0
27238.0
26342.0
25766.0
25430.0
24886.0
24838.0
24710.0
24758.0
24742.0
25238.0
25302.0
25382.0
25318.0
25158.0
24966.0
24694.0
24582.0
24245.0
24533.0
24886.0
25270.0
25526.0
26230.0
26614.0
26742.0
27414.0
27958.0
27958.0
27990.0
27846.0
27286.0
26806.0
26710.0
26166.0
25718.0
25686.0
25478.0
25190.0
25430.0
25494.0
25302.0
25766.0
25862.0
25718.0
25766.0
25526.0
25046.0
24646.0
24357.0
23765.0
23509.0
23365.0
22965.0
22757.0
22725.0
22629.0
22565.0
22565.0
22837.0
22773.0
22677.0
22757.0
22597.0
22565.0
22549.0
22581.0
22549.0
22837.0
23093.0
23141.0
23173.0
23429.0
23461.0
23253.0
23205.0
22805.0
22085.0
21317.0
20468.0
19284.0
18484.0
17700.0
16884.0
16900.0
17652.0
19076.0
21221.0
23541.0
26150.0
28230.0
30023.0
31559.0
32888.0
33240.0
33608.0
32984.0
31735.0
30375.0
28887.0
27462.0
26070.0
25078.0
24133.0
23461.0
23109.0
22629.0
22197.0
21877.0
21813.0
21589.0
21493.0
21317.0
21141.0
20805.0
20853.0
21045.0
21557.0
22533.0
23461.0
24293.0
25702.0
26950.0
27958.0
28919.0
29639.0
30103.0
30295.0
30199.0
29655.0
28919.0
28230.0
27238.0
26534.0
25958.0
25526.0
25222.0
25094.0
25014.0
25046.0
25158.0
25270.0
25286.0
25158.0
25046.0
24838.0
24501.0
24293.0
24229.0
24181.0
24341.0
24726.0
25190.0
25462.0
25958.0
26582.0
27046.0
27414.0
27702.0
27510.0
27638.0
27302.0
26902.0
26422.0
26022.0
25718.0
25590.0
25558.0
25446.0
25542.0
25702.0
25750.0
25814.0
25990.0
25862.0
25606.0
25542.0
25078.0
24678.0
24293.0
23845.0
23429.0
23189.0
23061.0
22773.0
22741.0
22693.0
22517.0
22741.0
22917.0
22965.0
22821.0
22853.0
22645.0
22501.0
22181.0
22309.0
22277.0
22309.0
22405.0
22709.0
23061.0
23285.0
23509.0
23509.0
23477.0
23157.0
22981.0
22213.0
21205.0
20420.0
19412.0
18324.0
16980.0
16532.0
16019.0
16339.0
18164.0
20485.0
22709.0
25478.0
28022.0
29607.0
31287.0
32776.0
33576.0
33688.0
33272.0
31783.0
30231.0
28871.0
27174.0
25798.0
24838.0
24037.0
23237.0
22965.0
22325.0
21957.0
21861.0
21701.0
21589.0
21637.0
21477.0
20853.0
20517.0
20709.0
20789.0
21429.0
22629.0
23813.0
24806.0
26150.0
27142.0
28358.0
29335.0
30087.0
30327.0
30343.0
29911.0
29287.0
28262.0
27350.0
26582.0
25990.0
25638.0
25366.0
25078.0
24870.0
25142.0
25206.0
25334.0
25478.0
25302.0
25126.0
24838.0
24582.0
24037.0
23909.0
23845.0
23877.0
24133.0
24742.0
25254.0
25670.0
26150.0
26742.0
27094.0
27558.0
27798.0
27798.0
27702.0
27478.0
26934.0
26518.0
26310.0
26134.0
25894.0
25974.0
25990.0
25878.0
26022.0
26246.0
26214.0
26278.0
26310.0
25894.0
25398.0
25142.0
24405.0
23701.0
23493.0
23157.0
22741.0
22789.0
22757.0
22469.0
22805.0
23093.0
23045.0
23301.0
23301.0
23045.0
22901.0
22629.0
22453.0
22181.0
22149.0
21909.0
21749.0
22117.0
22405.0
22693.0
23029.0
23381.0
23365.0
23285.0
22757.0
22485.0
21813.0
20869.0
19940.0
18836.0
17668.0
16820.0
16500.0
16532.0
17892.0
19988.0
22373.0
24790.0
27286.0
29111.0
30711.0
32407.0
33464.0
33592.0
33464.0
32487.0
30615.0
28951.0
27446.0
25734.0
24982.0
24197.0
23509.0
23029.0
22933.0
22357.0
21909.0
22005.0
21877.0
21733.0
21893.0
21589.0
20981.0
20709.0
20965.0
21205.0
22357.0
23413.0
24517.0
25638.0
26854.0
27798.0
28695.0
29511.0
30071.0
30375.0
30215.0
29607.0
28807.0
27766.0
26854.0
26198.0
25782.0
25542.0
25430.0
25110.0
24998.0
25110.0
25238.0
25574.0
25846.0
25654.0
25206.0
24822.0
24598.0
24165.0
24165.0
24277.0
24325.0
24678.0
25350.0
25654.0
26022.0
26358.0
27158.0
27526.0
27990.0
28102.0
27878.0
27702.0
27302.0
26758.0
26646.0
26470.0
26262.0
26166.0
26166.0
25942.0
26102.0
26278.0
26214.0
26406.0
26342.0
26038.0
25638.0
25350.0
24726.0
24213.0
23877.0
23301.0
23173.0
22981.0
22789.0
22533.0
22485.0
22853.0
23045.0
23221.0
23285.0
23237.0
23173.0
23157.0
22981.0
23157.0
23141.0
23077.0
22997.0
22965.0
22917.0
22965.0
22965.0
22853.0
23061.0
22949.0
22485.0
22133.0
21461.0
20565.0
19940.0
19204.0
18052.0
17492.0
17044.0
16836.0
17220.0
18964.0
21477.0
23957.0
26854.0
29063.0
30935.0
32599.0
33848.0
34264.0
34312.0
33832.0
32199.0
30615.0
28871.0
27222.0
25462.0
24710.0
23685.0
23013.0
22661.0
22149.0
21365.0
21493.0
21461.0
21333.0
21525.0
21685.0
21205.0
20981.0
21221.0
21477.0
22181.0
23525.0
24549.0
25734.0
27014.0
27942.0
28951.0
29863.0
30359.0
30647.0
30807.0
30407.0
29655.0
28839.0
27670.0
26870.0
26294.0
25878.0
25494.0
25254.0
25046.0
24918.0
24918.0
25190.0
25414.0
25622.0
25414.0
25158.0
25046.0
24710.0
24405.0
24582.0
24758.0
25110.0
25638.0
26086.0
26358.0
26806.0
27206.0
27414.0
27894.0
28278.0
28070.0
27718.0
27446.0
26982.0
26422.0
26134.0
26230.0
26022.0
25814.0
26006.0
25862.0
26038.0
26246.0
26214.0
26198.0
26294.0
25974.0
25462.0
25174.0
24517.0
24101.0
23685.0
23701.0
23205.0
23093.0
22933.0
22645.0
22869.0
22917.0
22853.0
22949.0
23029.0
22629.0
22837.0
23221.0
22853.0
22981.0
22869.0
22933.0
22805.0
22901.0
22853.0
22821.0
23221.0
23205.0
23093.0
22837.0
22389.0
21637.0
20821.0
20196.0
19476.0
18676.0
17780.0
17108.0
16740.0
16948.0
18660.0
20949.0
23253.0
25766.0
28294.0
30103.0
31703.0
33272.0
34120.0
34232.0
34152.0
32888.0
31223.0
29639.0
27702.0
26086.0
25110.0
24181.0
23349.0
23109.0
22437.0
21669.0
21493.0
21445.0
21269.0
21429.0
21525.0
21045.0
20917.0
20997.0
21045.0
21845.0
23077.0
24213.0
25542.0
26902.0
27878.0
28823.0
29703.0
30359.0
30775.0
30887.0
30551.0
29799.0
28871.0
27878.0
26982.0
26342.0
25942.0
25686.0
25414.0
25062.0
24854.0
24918.0
25094.0
25318.0
25494.0
25286.0
25206.0
24950.0
24646.0
24678.0
24582.0
24533.0
24806.0
25606.0
25798.0
26102.0
26662.0
26742.0
27174.0
27926.0
28086.0
28038.0
28086.0
27430.0
26502.0
26838.0
26694.0
26406.0
26518.0
26630.0
26246.0
26182.0
26342.0
26182.0
26230.0
26454.0
26342.0
25878.0
25766.0
25286.0
24245.0
24053.0
23893.0
23413.0
23381.0
23349.0
22725.0
22357.0
22325.0
22261.0
22293.0
22565.0
22885.0
22709.0
22757.0
22693.0
22597.0
22805.0
23093.0
23045.0
22997.0
23413.0
23237.0
23013.0
23285.0
23157.0
22869.0
23029.0
22805.0
21989.0
21349.0
20420.0
19188.0
18500.0
17844.0
17044.0
16548.0
16596.0
16964.0
18692.0
21333.0
23733.0
26182.0
28839.0
30983.0
32279.0
33720.0
34280.0
34456.0
33992.0
32711.0
31239.0
29639.0
27958.0
26118.0
24838.0
23893.0
23141.0
22981.0
22501.0
21829.0
21461.0
21301.0
21077.0
21237.0
21285.0
20917.0
20645.0
20821.0
20869.0
21717.0
22917.0
24021.0
25158.0
26662.0
27814.0
28823.0
29911.0
30423.0
30791.0
31063.0
30663.0
29991.0
29031.0
27670.0
26854.0
26246.0
25862.0
25526.0
25222.0
25094.0
24902.0
24934.0
24886.0
25062.0
25190.0
25190.0
24998.0
24726.0
24277.0
24389.0
24421.0
24774.0
25158.0
25622.0
26086.0
26630.0
26870.0
27174.0
27462.0
27798.0
28070.0
27990.0
27798.0
27190.0
26454.0
26182.0
26070.0
25942.0
26054.0
26006.0
25894.0
25798.0
25878.0
25862.0
25990.0
26022.0
25990.0
25686.0
25286.0
24726.0
24245.0
23957.0
23733.0
23525.0
23381.0
23221.0
22837.0
22533.0
22405.0
22421.0
22629.0
22821.0
22821.0
22533.0
22229.0
21957.0
21893.0
22085.0
22149.0
22485.0
22485.0
22501.0
22485.0
22629.0
22853.0
23141.0
23317.0
23269.0
22741.0
22053.0
21125.0
20228.0
18996.0
18212.0
17044.0
16259.0
15859.0
16067.0
17636.0
19956.0
22821.0
25734.0
28486.0
30535.0
32343.0
33880.0
34760.0
34616.0
34456.0
33304.0
31271.0
29735.0
27942.0
26054.0
24726.0
23717.0
22933.0
22389.0
22485.0
22149.0
21653.0
21605.0
21445.0
21157.0
21157.0
21093.0
20533.0
20340.0
20565.0
20821.0
21717.0
23109.0
24405.0
25654.0
27174.0
28214.0
29335.0
30151.0
30615.0
30791.0
30647.0
30199.0
29335.0
28406.0
27286.0
26310.0
25542.0
25030.0
24982.0
24870.0
24918.0
24966.0
25078.0
25158.0
25398.0
25302.0
25158.0
24966.0
24630.0
24165.0
24053.0
25846.0
26358.0
26726.0
27126.0
27462.0
27766.0
27686.0
27702.0
27430.0
26726.0
26374.0
26086.0
25654.0
25510.0
25718.0
25798.0
25782.0
25782.0
25798.0
25798.0
25862.0
25830.0
25670.0
25382.0
24998.0
24341.0
23957.0
23605.0
23333.0
23125.0
23141.0
22885.0
22677.0
22533.0
22437.0
22453.0
22501.0
22549.0
22485.0
22181.0
22213.0
22037.0
22037.0
21989.0
22005.0
22597.0
22549.0
22869.0
22885.0
22933.0
22821.0
22885.0
23013.0
22709.0
22357.0
21781.0
20869.0
19988.0
19284.0
18340.0
17460.0
16900.0
16211.0
15859.0
16195.0
17540.0
19412.0
22181.0
24982.0
27430.0
29607.0
31703.0
32856.0
33736.0
34408.0
34376.0
33736.0
32471.0
30695.0
28711.0
27334.0
25894.0
24630.0
23813.0
23093.0
22709.0
22117.0
21397.0
20821.0
20629.0
20340.0
20436.0
20372.0
19972.0
19828.0
20100.0
20420.0
21477.0
22741.0
24069.0
25286.0
26918.0
27958.0
28935.0
29703.0
30215.0
30375.0
30503.0
30391.0
29767.0
28887.0
27862.0
26918.0
26214.0
25878.0
25670.0
25446.0
25286.0
25094.0
24854.0
24742.0
24902.0
24950.0
24790.0
24485.0
24229.0
23605.0
23685.0
23861.0
24293.0
24758.0
25574.0
25878.0
26214.0
26726.0
27174.0
27238.0
27798.0
28182.0
27942.0
27638.0
27158.0
26454.0
26182.0
25990.0
25734.0
25750.0
25638.0
25158.0
24918.0
24453.0
23637.0
22629.0
19556.0
20757.0
26966.0
29767.0
22325.0
13651.0
16596.0
25814.0
22005.0
19012.0
19860.0
13555.0
16836.0
25190.0
23061.0
20036.0
23637.0
23205.0
23253.0
27830.0
29959.0
29687.0
31127.0
31383.0
29607.0
28662.0
26454.0
22981.0
21909.0
19828.0
19556.0
22437.0
21157.0
18116.0
18900.0
18340.0
17540.0
17796.0
16099.0
15331.0
15395.0
15123.0
16019.0
17604.0
20180.0
22821.0
25654.0
28406.0
29159.0
30663.0
32071.0
32231.0
33352.0
33080.0
32231.0
32087.0
31527.0
31015.0
30743.0
30215.0
30375.0
29271.0
28326.0
27654.0
25238.0
23637.0
22661.0
20837.0
20436.0
19428.0
18340.0
17892.0
17732.0
18260.0
18884.0
20068.0
22053.0
23429.0
25926.0
28262.0
29895.0
32119.0
33160.0
33272.0
33672.0
33048.0
31815.0
30311.0
28326.0
27302.0
25638.0
24886.0
24598.0
23781.0
23925.0
24069.0
23765.0
24501.0
24854.0
25526.0
26294.0
26358.0
26662.0
26870.0
26294.0
26230.0
25894.0
25750.0
26230.0
25766.0
26086.0
26214.0
26166.0
26774.0
27046.0
27798.0
28390.0
28438.0
28727.0
28470.0
28294.0
28566.0
28022.0
28070.0
27814.0
27222.0
26918.0
26070.0
25798.0
25846.0
24982.0
25046.0
24277.0
23701.0
23461.0
22885.0
22661.0
22581.0
22565.0
23093.0
23205.0
23605.0
23637.0
23317.0
23797.0
23941.0
23653.0
23941.0
23525.0
22981.0
22917.0
22309.0
22117.0
21989.0
21781.0
21845.0
21589.0
21765.0
22165.0
21925.0
22437.0
22821.0
22757.0
23125.0
22533.0
21733.0
20837.0
19460.0
18372.0
17204.0
16724.0
16852.0
17396.0
19668.0
22133.0
24774.0
27910.0
29895.0
31895.0
34312.0
35288.0
35576.0
35400.0
34552.0
32824.0
30743.0
29415.0
27366.0
25270.0
24309.0
22805.0
21797.0
22165.0
21509.0
21093.0
21461.0
21317.0
21333.0
21445.0
21493.0
21237.0
21013.0
21893.0
21941.0
22693.0
24053.0
24774.0
26102.0
27526.0
28422.0
29591.0
30311.0
30663.0
30791.0
30407.0
29815.0
29255.0
28262.0
27462.0
26534.0
26086.0
25766.0
25382.0
25702.0
25750.0
26086.0
26406.0
26086.0
26198.0
26118.0
25574.0
25558.0
25350.0
25046.0
24774.0
24437.0
24533.0
24758.0
25414.0
26262.0
26262.0
26854.0
27526.0
27542.0
28102.0
28182.0
27862.0
27574.0
27302.0
26806.0
25990.0
25926.0
25990.0
25430.0
26006.0
26086.0
25862.0
26358.0
26294.0
26326.0
26454.0
26374.0
26102.0
25494.0
25174.0
24598.0
23685.0
23669.0
23157.0
22437.0
22581.0
22261.0
22053.0
22149.0
22101.0
22149.0
22309.0
22741.0
22789.0
22613.0
23013.0
22661.0
22517.0
22821.0
22405.0
22485.0
22597.0
22421.0
22469.0
22501.0
22165.0
22197.0
21653.0
21429.0
20565.0
19588.0
18676.0
17412.0
16628.0
16452.0
16163.0
17284.0
19316.0
21989.0
24389.0
27526.0
30023.0
31943.0
33416.0
34808.0
35080.0
34952.0
34552.0
32503.0
30551.0
28695.0
26582.0
25110.0
23941.0
22997.0
22549.0
22341.0
21813.0
21093.0
21749.0
21781.0
21461.0
21829.0
21509.0
20821.0
20869.0
20821.0
21157.0
21941.0
22885.0
24053.0
25318.0
26806.0
28022.0
28871.0
30183.0
30775.0
30919.0
31207.0
30583.0
29639.0
28582.0
27574.0
26742.0
26246.0
25734.0
25430.0
25190.0
25398.0
25478.0
25686.0
26070.0
25942.0
26070.0
25910.0
25462.0
25142.0
24726.0
24646.0
24678.0
24726.0
25430.0
25638.0
25926.0
26582.0
26662.0
26998.0
27574.0
27830.0
27942.0
27750.0
27270.0
26838.0
26438.0
26470.0
26214.0
26406.0
26694.0
26278.0
26694.0
26886.0
26886.0
27142.0
27174.0
26934.0
26374.0
25798.0
25094.0
24133.0
23541.0
23061.0
22421.0
22309.0
22117.0
21749.0
21989.0
22117.0
22293.0
22853.0
23285.0
23445.0
23445.0
23109.0
22805.0
22421.0
22421.0
22389.0
22245.0
22613.0
22437.0
22485.0
22661.0
22581.0
22805.0
23093.0
22565.0
22245.0
21461.0
20388.0
19012.0
17796.0
16564.0
15491.0
15491.0
15891.0
17108.0
19572.0
22229.0
25206.0
28294.0
30615.0
32631.0
34472.0
35608.0
35624.0
35336.0
34328.0
32551.0
30407.0
29095.0
27302.0
25478.0
24453.0
23445.0
22821.0
22885.0
22357.0
21909.0
22053.0
21829.0
21493.0
21285.0
20821.0
20260.0
20020.0
20404.0
20661.0
21477.0
22741.0
23925.0
25286.0
26806.0
28262.0
29511.0
30599.0
31175.0
31399.0
31159.0
30647.0
29975.0
28630.0
27830.0
26886.0
25990.0
25494.0
25350.0
25270.0
25142.0
25398.0
25814.0
26086.0
26262.0
26614.0
26022.0
25878.0
25782.0
25238.0
24934.0
24918.0
24485.0
24854.0
25302.0
25686.0
26006.0
26854.0
27318.0
27398.0
27910.0
28310.0
27830.0
27702.0
27590.0
26790.0
26326.0
26390.0
25990.0
25830.0
25990.0
26038.0
26182.0
26598.0
27078.0
26950.0
26934.0
27334.0
26902.0
26518.0
26102.0
25142.0
24357.0
23749.0
23189.0
22741.0
22469.0
22245.0
21957.0
21925.0
22229.0
22101.0
22437.0
22581.0
22629.0
22613.0
22725.0
22741.0
22789.0
22757.0
22853.0
22853.0
22661.0
22693.0
22501.0
22357.0
22437.0
22341.0
22101.0
21589.0
20981.0
20084.0
19172.0
18308.0
17364.0
16291.0
15635.0
14979.0
15187.0
16980.0
19636.0
22341.0
25590.0
28518.0
30775.0
32647.0
34536.0
35720.0
35784.0
35896.0
34824.0
32487.0
30759.0
28839.0
26518.0
25014.0
24101.0
23093.0
22341.0
21909.0
21221.0
20597.0
20885.0
20757.0
20677.0
20885.0
20452.0
19892.0
19956.0
20132.0
20677.0
21845.0
23285.0
24389.0
25606.0
27206.0
28246.0
29447.0
30663.0
31303.0
31399.0
31383.0
30615.0
29575.0
28246.0
27126.0
26358.0
25542.0
25206.0
25158.0
24822.0
24806.0
24998.0
25190.0
25478.0
25798.0
26054.0
25894.0
25622.0
25302.0
24549.0
24341.0
24421.0
24582.0
24902.0
25542.0
25798.0
26118.0
26438.0
26854.0
27398.0
27894.0
28326.0
27910.0
27494.0
27142.0
26454.0
25846.0
25910.0
25942.0
25734.0
25846.0
26006.0
25686.0
25958.0
26374.0
26358.0
26470.0
26886.0
26358.0
25750.0
25126.0
24085.0
23509.0
23301.0
22869.0
22421.0
22293.0
22165.0
21829.0
21717.0
22373.0
22581.0
22853.0
23157.0
22853.0
22453.0
22053.0
21765.0
21717.0
21893.0
22101.0
22213.0
22165.0
22245.0
22245.0
22629.0
23013.0
23013.0
22805.0
21893.0
21013.0
19924.0
18436.0
17092.0
16211.0
15027.0
14499.0
14339.0
14899.0
16548.0
19476.0
22565.0
25622.0
29223.0
31799.0
33528.0
35048.0
35848.0
35656.0
35240.0
34088.0
32135.0
30119.0
28022.0
26038.0
24790.0
23749.0
23093.0
22645.0
22341.0
21733.0
21317.0
21125.0
20821.0
20645.0
20533.0
20084.0
19444.0
19460.0
19556.0
20164.0
21237.0
22661.0
24165.0
25814.0
27302.0
28711.0
29911.0
30679.0
30983.0
30919.0
30679.0
29927.0
29047.0
27830.0
26790.0
25926.0
25382.0
25110.0
25142.0
25062.0
25286.0
25558.0
25670.0
25974.0
25958.0
25910.0
25654.0
25238.0
24870.0
24517.0
24149.0
24181.0
24389.0
24886.0
25494.0
25830.0
26486.0
26886.0
27318.0
27638.0
27958.0
28006.0
27798.0
27382.0
26998.0
26470.0
26070.0
26038.0
25846.0
25878.0
26182.0
26262.0
26438.0
26470.0
26598.0
26470.0
26470.0
26358.0
25830.0
25222.0
24582.0
23669.0
23093.0
22853.0
22677.0
22517.0
22597.0
22437.0
22405.0
22245.0
22437.0
22405.0
22789.0
22933.0
