0.003245160785102322
-0.08528662033367443
0.316595870141153
0.3827251672302623
0.3597384404660679
0.5639926454890236
0.4846596192393505
0.6833353215716796
0.8678917423603801
0.7984931052099624
0.8632014472955829
1.016484332940824
1.0033610818314238
1.1072104752476903
0.8812899222169366
0.9432912080263993
1.0826646647266467
0.8902592716245845
0.9720438393549217
0.8232509464673609
0.8342879305815554
0.6539354087842459
0.5702180948950503
0.5302505491878838
0.2659828942527086
0.40316869587020654
0.19685194840572598
0.18148001438934155
-0.038572858685402
-0.0045525288914094325
-0.237756364643521
-0.3569458483003653
-0.5031182129660757
-0.4218260431673174
-0.7927473503741788
-0.6716111727994312
-0.9709944319266322
-0.8127883495658889
-0.8306023244556991
-0.9829438816708465
-1.0475426410198323
-1.0467430383459306
-1.0555639499868366
-1.0266971676064438
-0.9723523111427813
-1.0280117152232813
-0.9562178268281379
-0.7208448528635464
-0.847885444503804
-0.587375547657871
-0.5226009701498288
-0.36654112516016857
-0.25299681633649235
-0.23586495968775062
0.15996954338381766
-0.1754453596726144
0.10942967872305816
0.0354514163362325
0.2985722461290855
0.3046238402814264
0.48667182090461314
0.44830635573844124
0.6952241106144798
