1553
1554
1564
1558
1558
1565
1554
1531
1541
1539
1558
1563
1563
1556
1548
1546
1544
1531
1543
1555
1568
1546
1549
1559
1550
1554
1564
1555
1560
1560
1557
1559
1563
1561
1566
1547
1565
1556
1544
1560
1546
1553
1552
1560
1551
1533
1552
1548
1554
1549
1542
1547
1544
1545
1550
1556
1545
1553
1552
1538
1546
1554
1570
1559
1563
1555
1558
1565
1573
1558
1565
1553
1543
1554
1563
1556
1564
1560
1545
1556
1546
1543
1544
1547
1553
1551
1556
1558
1561
1551
1530
1547
1549
1542
1563
1540
1560
1561
1568
1568
1552
1548
1557
1556
1550
1571
1556
1566
1571
1549
1567
1561
1574
1576
1565
1555
1554
1553
1554
1551
1548
1551
1548
1552
1558
1527
1537
1541
1552
1545
1546
1546
1543
1529
1557
1547
1548
1543
1543
1538
1547
1542
1540
1551
1554
1557
1560
1553
1563
1562
1560
1552
1557
1566
1562
1555
1555
1551
1557
1569
1553
1545
1558
1559
1553
1567
1550
1560
1567
1553
1562
1558
1565
1570
1557
1557
1569
1555
1542
1540
1557
1556
1549
1542
1537
1555
1554
1549
1542
1547
1542
1545
1555
1547
1554
1557
1558
1564
1569
1550
1551
1559
1551
1556
1567
1546
1554
1571
1573
1542
1555
1550
1566
1558
1565
1558
1569
1554
1555
1543
1546
1571
1558
1549
1569
1560
1554
1564
1560
1567
1574
1568
1574
1569
1552
1574
1559
1573
1567
1562
1558
1567
1558
1559
1566
1567
1552
1558
1574
1564
1571
1560
1565
1569
1568
1552
1566
1558
1546
1565
1552
1558
1562
1551
1537
1557
1584
1567
1569
1563
1558
1563
1573
1569
1568
1554
1571
1567
1570
1563
1569
1569
1568
1580
1553
1553
1565
1574
1572
1541
1558
1564
1571
1569
1554
1556
1571
1574
1569
1574
1573
1571
1575
1579
1572
1574
1565
1552
1568
1567
1572
1561
1570
1571
1564
1567
1563
1558
1571
1568
1553
1566
1569
1569
1565
1559
1556
1566
1558
1544
1554
1546
1560
1564
1565
1564
1561
1565
1557
1551
1561
1566
1557
1560
1566
1572
1550
1562
1559
1552
1557
1550
1555
1560
1551
1550
1559
1566
1540
1543
1565
1558
1557
1548
1566
1560
1555
1567
1558
1561
1562
1569
1571
1551
1545
1562
1557
1547
1552
1561
1566
1560
1554
1578
1554
1552
1551
1548
1549
1542
1548
1539
1530
1547
1554
1555
1561
1582
1573
1569
1566
1565
1574
1573
1562
1557
1575
1580
1572
1567
1576
1574
1557
1579
1570
1570
1586
1583
1578
1580
1555
1550
1567
1566
1569
1570
1551
1576
1562
1566
1559
1552
1567
1564
1564
1557
1564
1539
1541
1556
1560
1558
1560
1556
1555
1551
1569
1554
1562
1572
1564
1558
1554
1544
1547
1571
1565
1564
1562
1575
1549
1555
1556
1551
1578
1566
1559
1564
1566
1556
1539
1552
1560
1563
1566
1553
1542
1545
1559
1566
1564
1552
1551
1548
1555
1533
1543
1550
1568
1554
1563
1571
1567
1529
1546
1542
1558
1558
1551
1548
1566
1557
1545
1532
1543
1546
1558
1552
1549
1556
1552
1556
1552
1546
1542
1541
1541
1551
1547
1542
1541
1541
1547
1545
1536
1544
1550
1550
1526
1553
1551
1550
1548
1550
1545
1548
1529
1547
1549
1539
1523
1536
1540
1537
1547
1531
1533
1536
1512
1525
1543
1522
1529
1536
1536
1537
1537
1529
1521
1536
1549
1523
1539
1533
1531
1538
1539
1532
1536
1538
1539
1541
1555
1542
1539
1547
1561
1542
1548
1533
1546
1553
1521
1531
1551
1544
1548
1562
1553
1536
1524
1546
1542
1551
1539
1539
1543
1551
1562
1548
1558
1563
1552
1557
1563
1562
1567
1560
1567
1554
1539
1555
1561
1569
1566
1565
1543
1561
1568
1557
1566
1572
1572
1565
1558
1557
1564
1561
1552
1538
1551
1567
1559
1554
1560
1551
1562
1563
1557
1572
1574
1557
1567
1570
1561
1568
1563
1564
1564
1577
1576
1570
1572
1564
1578
1571
1565
1573
1585
1570
1576
1567
1574
1580
1578
1572
1563
1580
1570
1567
1550
1557
1566
1571
1563
1554
1564
1558
1555
1573
1570
1563
1561
1564
1560
1566
1555
1552
1564
1564
1553
1564
1557
1561
1554
1566
1564
1556
1564
1538
1558
1557
1553
1566
1577
1559
1554
1560
1568
1563
1570
1562
1565
1545
1560
1557
1549
1546
1552
1551
1555
1543
1560
1554
1551
1543
1552
1539
1547
1544
1549
1556
1559
1546
1554
1551
1558
1553
1560
1552
1556
1570
1556
1555
1563
1561
1570
1562
1564
1548
1562
1562
1553
1560
1564
1569
1567
1571
1572
1554
1552
1552
1565
1556
1552
1566
1562
1558
1556
1572
1574
1573
1571
1569
1560
1575
1567
1563
1577
1575
1576
1561
1568
1579
1583
1569
1569
1566
1577
1556
1567
1568
1570
1562
1555
1570
1558
1558
1558
1552
1549
1556
1562
1564
1557
1561
1553
1564
1548
1536
1549
1571
1556
1558
1559
1555
1561
1551
1556
1554
1550
1561
1550
1552
1556
1556
1558
1561
1562
1550
1548
1556
1546
1557
1562
1565
1559
1551
1548
1567
1562
1562
1550
1550
1566
1546
1536
1546
1548
1541
1542
1533
1545
1536
1536
1521
1548
1557
1550
1546
1541
1540
1540
1530
1553
1554
1554
1532
1543
1533
1549
1546
1540
1543
1538
1561
1558
1537
1555
1551
1546
1549
1537
1524
1541
1524
1520
1525
1537
1527
1544
1522
1545
1525
1516
1537
1528
1526
1540
1532
1531
1530
1531
1542
1517
1531
1572
1550
1544
1558
1538
1555
1518
1525
1544
1566
1515
1532
1541
1547
1554
1569
1596
1552
1570
1510
1530
1538
1587
1578
1560
1570
1571
1557
1541
1546
1571
1541
1567
1554
1571
1536
1548
1555
1598
1567
1557
1536
1554
1575
1553
1578
1562
1563
1563
1559
1541
1595
1566
1547
1552
1544
1561
1554
1569
1563
1557
1545
1550
1550
1566
1538
1537
1569
1552
1546
1568
1575
1519
1536
1542
1567
1544
1517
1547
1556
1545
1506
1542
1557
1521
1576
1529
1550
1556
1565
1542
1551
1544
1547
